;Exported by: Xpycmb
;Date:        Sat Apr  8 02:40:33 2023
;File:        C:\Users\Xpycmb\Documents\3ds Max 2020\scenes\barn_01_base_top_mid_01.max
{Skeleton
	{bone "basis"
		{Orientation
			1	0	0
			0	-1	0
			0	0	1
		}
		{bone "barn_01_base_top_mid_01"
			{parameters "Id=body;"}
			{Matrix34
				0	1	0
				-1	0	0
				0	0	1
				13.3409	1.23978e-05	92.6342
			}
			{VolumeView "barn_01_base_top_mid_01.ply"}
			{bone "land_patch"
				{parameters "CommonMesh;Land;Ground;"}
				{Matrix34
					0.866025	0	-0.5
					0	1	0
					0.5	0	0.866025
					28.6072	-140.629	-89.1866
				}
				{visibility 0}
				{VolumeView "land_patch.ply" {Ground}}
			}
		}
	}
}
{Obstacle "wood_10_00"
	{Obb2
		{Center 1.0287 -104.426}
		{Extent 140 2.00001}
		{Axis 1 0}
	}
	{Rotate}
}
{Obstacle "wood_10_01"
	{Obb2
		{Center 67.4484 105.106}
		{Extent 75 2}
		{Axis 1 0}
	}
	{Rotate}
}
{Obstacle "wood_10_02"
	{Obb2
		{Center -99.013 105.106}
		{Extent 40 2}
		{Axis 1 0}
	}
	{Rotate}
}
{Obstacle "wood_10_03"
	{Obb2
		{Center -32.9321 105.106}
		{Extent 27.5 2}
		{Axis 1 0}
	}
	{Rotate}
}
{Obstacle "wood_5_00"
	{Obb2
		{Center 163.957 8.10727}
		{Extent 1.67235 51.652}
		{Axis 1 0}
	}
	{Rotate}
}
{Obstacle "wood_5_02"
	{Obb2
		{Center 167.159 77.1397}
		{Extent 1.25 19.3146}
		{Axis 1 0}
	}
	{Rotate}
}
{Obstacle "wood_5_03"
	{Obb2
		{Center 156.554 95.1682}
		{Extent 11.7796 1.25393}
		{Axis 1 0}
	}
	{Rotate}
}
{Obstacle "wood_5_04"
	{Obb2
		{Center 144.136 100.212}
		{Extent 1.25465 6.59991}
		{Axis 0.766272 0.642516}
	}
	{Rotate}
}
{Obstacle "wood_5_05"
	{Obb2
		{Center 144.038 -22.4635}
		{Extent 1.25 81.4953}
		{Axis 1 0}
	}
	{Rotate}
}
{Obstacle "wood_5_08"
	{Obb2
		{Center 141.543 -79.433}
		{Extent 2.0061 2.00611}
		{Axis 1 0}
	}
	{Rotate}
}
{Obstacle "wood_5_09"
	{Obb2
		{Center 141.543 -47.2972}
		{Extent 2.0061 2.00611}
		{Axis 1 0}
	}
	{Rotate}
}
{Obstacle "wood_5_10"
	{Obb2
		{Center 141.543 18.4324}
		{Extent 2.0061 2.00611}
		{Axis 1 0}
	}
	{Rotate}
}
{Obstacle "wood_5_11"
	{Obb2
		{Center 141.543 78.4676}
		{Extent 2.0061 2.00611}
		{Axis 1 0}
	}
	{Rotate}
}
{Obstacle "wood_5_12"
	{Obb2
		{Center 142.522 -23.2676}
		{Extent 2.24408 79.9423}
		{Axis 1 0}
	}
	{Rotate}
}
{Volume "roof_steel_00"
	{Box 3.79931 300 144.055}
	{Bone "barn_01_base_top_mid_01"}
	{Matrix34
		-0.573576	0	0.819152
		0	-1	0
		0.819152	0	0.573576
		-58.892	23.2095	56.2474
	}
}
{Volume "roof_steel_01"
	{Box 3.79931 300 144.055}
	{Bone "barn_01_base_top_mid_01"}
	{Matrix34
		-0.573576	0	-0.819152
		0	-1	0
		-0.819152	0	0.573576
		57.1058	22.4595	56.2474
	}
}
{Volume "wood_10_00"
	{Box 4 280 55.4228}
	{Bone "barn_01_base_top_mid_01"}
	{Position 104.426	12.3122	-6.09709}
}
{Volume "wood_10_01"
	{Box 4 150 55.4228}
	{Bone "barn_01_base_top_mid_01"}
	{Position -105.106	-54.1075	-6.09709}
}
{Volume "wood_10_02"
	{Box 4 80 55.4228}
	{Bone "barn_01_base_top_mid_01"}
	{Position -105.106	112.354	-6.09709}
}
{Volume "wood_10_03"
	{Box 4 55 10.5303}
	{Bone "barn_01_base_top_mid_01"}
	{Position -105.106	46.273	18.2671}
}
{Volume "wood_15_00"
	{Box 4 4 140.688}
	{Bone "barn_01_base_top_mid_01"}
	{Matrix34
		-0.0030535	0.999995	0
		0	0	-1
		-0.999995	-0.0030535	0
		1.0487	-96.8171	48.2712
	}
}
{Volume "wood_15_01"
	{Box 4 4 140.688}
	{Bone "barn_01_base_top_mid_01"}
	{Matrix34
		-0.0030535	0.999995	0
		0	0	-1
		-0.999995	-0.0030535	0
		1.0487	-61.3842	48.2712
	}
}
{Volume "wood_15_02"
	{Box 4 4 85.8199}
	{Bone "barn_01_base_top_mid_01"}
	{Matrix34
		-0.0030535	0.999995	0
		-0.939688	-0.00286938	-0.342021
		-0.342019	-0.00104428	0.939692
		85.5136	-93.9488	7.76057
	}
}
{Volume "wood_15_03"
	{Box 4 4 85.8199}
	{Bone "barn_01_base_top_mid_01"}
	{Matrix34
		-0.0030535	0.999995	0
		-0.939688	-0.00286938	-0.342021
		-0.342019	-0.00104428	0.939692
		85.5136	-59.2535	7.76057
	}
}
{Volume "wood_15_04"
	{Box 4 4 85.8199}
	{Bone "barn_01_base_top_mid_01"}
	{Matrix34
		-0.0030535	0.999995	0
		-0.939688	-0.00286938	-0.342021
		-0.342019	-0.00104428	0.939692
		85.5136	10.8812	7.76057
	}
}
{Volume "wood_15_05"
	{Box 4 4 85.8199}
	{Bone "barn_01_base_top_mid_01"}
	{Matrix34
		-0.0030535	0.999995	0
		-0.939688	-0.00286938	-0.342021
		-0.342019	-0.00104428	0.939692
		85.5136	-23.8141	7.76057
	}
}
{Volume "wood_15_06"
	{Box 4 4 85.8199}
	{Bone "barn_01_base_top_mid_01"}
	{Matrix34
		-0.0030535	0.999995	0
		-0.939688	-0.00286938	-0.342021
		-0.342019	-0.00104428	0.939692
		85.5136	44.4299	7.76057
	}
}
{Volume "wood_15_07"
	{Box 4 4 85.8199}
	{Bone "barn_01_base_top_mid_01"}
	{Matrix34
		-0.0030535	0.999995	0
		-0.939688	-0.00286938	-0.342021
		-0.342019	-0.00104428	0.939692
		85.5136	114.565	7.76057
	}
}
{Volume "wood_15_08"
	{Box 4 4 85.8199}
	{Bone "barn_01_base_top_mid_01"}
	{Matrix34
		-0.0030535	0.999995	0
		-0.939688	-0.00286938	-0.342021
		-0.342019	-0.00104428	0.939692
		85.5136	79.8693	7.76057
	}
}
{Volume "wood_15_09"
	{Box 4 4 85.8199}
	{Bone "barn_01_base_top_mid_01"}
	{Matrix34
		-0.0030535	0.999995	0
		-0.939689	-0.00286932	0.34202
		0.342018	0.00104444	0.939693
		-85.4937	-59.1639	7.76059
	}
}
{Volume "wood_15_10"
	{Box 4 4 85.8199}
	{Bone "barn_01_base_top_mid_01"}
	{Matrix34
		-0.0030535	0.999995	0
		-0.939689	-0.00286932	0.34202
		0.342018	0.00104444	0.939693
		-85.4937	10.9709	7.76059
	}
}
{Volume "wood_15_11"
	{Box 4 4 85.8199}
	{Bone "barn_01_base_top_mid_01"}
	{Matrix34
		-0.0030535	0.999995	0
		-0.939689	-0.00286932	0.34202
		0.342018	0.00104444	0.939693
		-85.4937	-23.7245	7.76059
	}
}
{Volume "wood_15_12"
	{Box 4 4 85.8199}
	{Bone "barn_01_base_top_mid_01"}
	{Matrix34
		-0.0030535	0.999995	0
		-0.939689	-0.00286932	0.34202
		0.342018	0.00104444	0.939693
		-85.4937	44.5195	7.76059
	}
}
{Volume "wood_15_13"
	{Box 4 4 85.8199}
	{Bone "barn_01_base_top_mid_01"}
	{Matrix34
		-0.0030535	0.999995	0
		-0.939689	-0.00286932	0.34202
		0.342018	0.00104444	0.939693
		-85.4937	114.654	7.76059
	}
}
{Volume "wood_15_14"
	{Box 4 4 85.8199}
	{Bone "barn_01_base_top_mid_01"}
	{Matrix34
		-0.0030535	0.999995	0
		-0.939689	-0.00286932	0.34202
		0.342018	0.00104444	0.939693
		-85.4937	79.9589	7.76059
	}
}
{Volume "wood_15_15"
	{Box 4 4 85.8199}
	{Bone "barn_01_base_top_mid_01"}
	{Matrix34
		-0.0030535	0.999995	0
		-0.939689	-0.00286932	0.34202
		0.342018	0.00104444	0.939693
		-85.4937	-93.8592	7.76059
	}
}
{Volume "wood_5_00"
	{Box 3.58504 3.3447 118.836}
	{Bone "barn_01_base_top_mid_01"}
	{Matrix34
		0.520959	0	0.853581
		0	1	0
		-0.853581	0	0.520959
		-8.10729	-150.616	-67.1801
	}
}
{Volume "wood_5_01"
	{Box 2.5 2.5 116.46}
	{Bone "barn_01_base_top_mid_01"}
	{Matrix34
		0.520959	0	0.853581
		0	1	0
		-0.853581	0	0.520959
		-8.12063	-153.818	-42.323
	}
}
{Volume "wood_5_02"
	{Box 2.5 2.5 38.6217}
	{Bone "barn_01_base_top_mid_01"}
	{Matrix34
		-0.0030543	0	0.999995
		0	1	0
		-0.999995	0	-0.0030543
		-77.1398	-153.818	-12.7134
	}
}
{Volume "wood_5_03"
	{Box 2.5 2.5 23.5593}
	{Bone "barn_01_base_top_mid_01"}
	{Matrix34
		-0.00305382	0	0.999995
		0.999995	0	0.00305382
		0	1	0
		-95.1682	-143.213	-12.6544
	}
}
{Volume "wood_5_04"
	{Box 2.5 2.5 13.1932}
	{Bone "barn_01_base_top_mid_01"}
	{Matrix34
		-0.0030543	0	0.999995
		0.642768	0.766059	0.00196319
		-0.766055	0.642771	-0.00233979
		-100.212	-130.795	-12.6698
	}
}
{Volume "wood_5_05"
	{Box 2.5 2.5 162.984}
	{Bone "barn_01_base_top_mid_01"}
	{Matrix34
		-0.0030543	0	0.999995
		0	1	0
		-0.999995	0	-0.0030543
		22.4635	-130.697	-12.9033
	}
}
{Volume "wood_5_06"
	{Box 2.5 2.5 23.5593}
	{Bone "barn_01_base_top_mid_01"}
	{Matrix34
		-0.0030535	0.999995	0
		0.999995	0.0030535	0
		0	0	-1
		-55.5526	-130.273	-22.877
	}
}
{Volume "wood_5_07"
	{Box 2.5 2.5 23.5593}
	{Bone "barn_01_base_top_mid_01"}
	{Matrix34
		-0.0030535	0.999995	0
		0.999995	0.0030535	0
		0	0	-1
		-92.8363	-152.302	-22.877
	}
}
{Volume "wood_5_08"
	{Box 4 4 61.4897}
	{Bone "barn_01_base_top_mid_01"}
	{Matrix34
		-0.0030535	0.999995	0
		0.999995	0.0030535	0
		0	0	-1
		79.433	-128.202	-64.3319
	}
}
{Volume "wood_5_09"
	{Box 4 4 61.4897}
	{Bone "barn_01_base_top_mid_01"}
	{Matrix34
		-0.0030535	0.999995	0
		0.999995	0.0030535	0
		0	0	-1
		47.2972	-128.202	-64.3319
	}
}
{Volume "wood_5_10"
	{Box 4 4 61.4897}
	{Bone "barn_01_base_top_mid_01"}
	{Matrix34
		-0.0030535	0.999995	0
		0.999995	0.0030535	0
		0	0	-1
		-18.4325	-128.202	-64.3319
	}
}
{Volume "wood_5_11"
	{Box 4 4 61.4897}
	{Bone "barn_01_base_top_mid_01"}
	{Matrix34
		-0.0030535	0.999995	0
		0.999995	0.0030535	0
		0	0	-1
		-78.4676	-128.202	-64.3319
	}
}
{Volume "wood_5_12"
	{Box 4 4 159.873}
	{Bone "barn_01_base_top_mid_01"}
	{Matrix34
		-0.0030535	0.999995	0
		0	0	-1
		-0.999995	-0.0030535	0
		23.2676	-129.181	-33.6627
	}
}
