;Exported by: ?????
;Date:        Tue Mar 30 12:17:29 2021
;File:        D:\?????\Documents\3ds Max 2020\scenes\portnova_skin_arms.max
{Skeleton
	{bone revolute "basis"
		{limits -30 30}
		{speed 0.1}
		{Orientation
			1	0	0
			0	-1	0
			0	0	1
		}
		{bone "body"
			{Matrix34
				0	0	1
				0	-1	0
				1	0	0
				0	0.0344553	19.9224
			}
			{bone "foot1l"
				{Matrix34
					-0.993535	-0.0202594	0.111708
					0.11167	0.00297451	0.993741
					0.0204649	-0.99979	0.000692963
					-0.143509	-2.13095	-0.488995
				}
				{bone "foot2l"
					{Matrix34
						0.952382	-0.304908	-0.000107972
						0.304908	0.952382	-4.07621e-05
						0.000115257	0	1
						9.37838	-0.0471728	0
					}
					{bone "bone06"
						{Matrix34
							0.221381	0.973964	0.0488399
							-0.972284	0.216583	0.0880677
							0.0751968	-0.0669827	0.994916
							8.74023	0.113252	0.00567913
						}
					}
					{bone "foot3l"
						{Matrix34
							0.0905535	0.979616	0.179312
							0.00345668	-0.18036	0.983595
							0.995885	-0.0884483	-0.0197185
							9.2003	-0.34629	-0.0729971
						}
						{bone "bone07"
							{Position 2.60015	0	0}
						}
					}
				}
			}
			{bone revolute "ik_leftright"
				{limits -20 20}
				{speed 0.1}
				{Matrix34
					0	0	1
					0	-1	0
					1	0	0
					1.90368	0.0344548	0
				}
				{bone "ik_socket"
					{Matrix34
						0	1	0
						1	0	0
						0	0	1
						0	0	0
					}
					{bone "compensate"
						{Matrix34
							0	1	0
							1	0	0
							0	0	1
							0	0	0
						}
						{bone revolute "ik_updown"
							{limits -40 20}
							{speed 0.1}
							{Matrix34
								1	0	0
								0	0	1
								0	-1	0
								0	0	1.66801
							}
							{bone "head"
								{Matrix34
									0.999952	0.00413703	-0.00886165
									-0.00885884	-0.000694277	-0.99996
									-0.00414242	0.999991	-0.000657678
									0	7.21457	0
								}
								{bone "visor"
									{Matrix34
										1	0	0
										0	1	0
										0	0	1
										2.31916	0	2.33291
									}
								}
								{bone "helmet_link"
									{Matrix34
										0.00885571	0.999961	0.000665107
										-0.998741	0.00887773	-0.0493835
										-0.0493867	-0.000226987	0.99878
										0.429209	-0.00263457	2.93855
									}
								}
							}
							{bone "gun_back"
								{Matrix34
									0.00647848	0.996053	0.0885296
									-0.106389	0.0887155	-0.990359
									-0.994303	-0.00300312	0.106544
									-4.16774	-4.2536	2.42593
								}
							}
							{bone "clavicle_right"
								{Position -0.139178	6.12487	1.17253}
								{bone "hand1r"
									{Matrix34
										0.0313524	-0.248123	0.968221
										0.9728	0.230016	0.0274447
										-0.229516	0.941025	0.248586
										0.0503404	-0.225975	2.95336
									}
									{bone "hand2r"
										{Matrix34
											0.460802	0.887503	0
											-0.887503	0.460802	0
											0	0	1
											6.26813	0	0
										}
										{bone "hand3r"
											{Matrix34
												0.982611	-0.185677	0
												0.185676	0.982611	0
												0	0	1
												5.19218	0	0
											}
										}
										{bone "right_hand"
											{Matrix34
												0.968615	-0.225094	0.105442
												0.191903	0.946804	0.258332
												-0.157981	-0.22999	0.960285
												6.33401	0.91394	-0.654926
											}
										}
										{bone "hand_rot1r"
											{Matrix34
												0.00333649	-0.999958	0.00855824
												-0.999992	-0.00331734	0.00210685
												-0.00207914	-0.00856462	-0.999961
												5.19224	0	0
											}
											{bone "palm1r"
												{Matrix34
													-0.963565	-0.249481	-0.0964402
													-0.0459581	-0.20077	0.97856
													-0.263496	0.947338	0.181991
													0.0853548	-0.397721	0.0915833
												}
												{bone "palm2r_hide"
													{Matrix34
														-0.0995067	0.561598	-0.821405
														-0.0593575	0.820682	0.568295
														0.993265	0.105307	-0.0483281
														0.146143	0.242281	-1.2575
													}
													{bone "palm3r_hide"
														{Matrix34
															0.304954	0.952367	0
															-0.952367	0.304953	0
															0	0	1
															0.581879	-0.000116348	0
														}
														{bone "palm4r_hide"
															{Matrix34
																1	0	0
																0	1	0
																0	0	1
																0.534456	0	0
															}
														}
													}
												}
												{bone "palm2r"
													{Matrix34
														-0.0995085	0.561598	-0.821404
														-0.0593585	0.820682	0.568294
														0.993265	0.105305	-0.0483272
														0.146143	0.242285	-1.25751
													}
													{bone "palm3r"
														{Matrix34
															0.304954	0.952367	0
															-0.952367	0.304953	0
															0	0	1
															0.581881	-0.000114441	0
														}
													}
												}
												{bone "righthandindexbase"
													{Matrix34
														0.264356	0.207069	-0.941933
														-0.197279	-0.944416	-0.262984
														-0.944032	0.255345	-0.208814
														0.73683	-0.0176964	-1.47122
													}
													{bone "righthandindex1"
														{parameters "LastPose = undefined;"}
														{Matrix34
															0.961664	-0.272839	0.0275876
															0.272944	0.96203	0
															-0.0265384	0.00753018	0.99962
															0	0	0
														}
														{bone "righthandindex2"
															{Matrix34
																0.96203	-0.272943	0
																0.272944	0.96203	0
																0	0	1
																0.858056	0	0
															}
															{bone "righthandindex3"
																{Matrix34
																	0.962142	-0.27255	0
																	0.27255	0.962142	0
																	0	0	1
																	0.64282	0	0
																}
																{bone "righthandindex4"
																	{Matrix34
																		1	0	0
																		0	1	0
																		0	0	1
																		0.479883	0	0
																	}
																}
															}
															{bone "r_index3"
																{parameters "LastPose = undefined;"}
																{Matrix34
																	0.96214	-0.272555	0
																	0.272555	0.96214	0
																	0	0	1
																	0.494801	0.441902	0
																}
															}
														}
														{bone "r_index2"
															{parameters "LastPose = undefined;"}
															{Matrix34
																0.96203	-0.272943	0
																0.272944	0.96203	0
																0	0	1
																0.792313	0.538841	0
															}
														}
													}
													{bone "r_index1"
														{Matrix34
															0.961664	-0.27284	0.0275874
															0.272944	0.96203	0
															-0.0265387	0.00753036	0.99962
															0	0.585602	0
														}
													}
												}
												{bone "righthandmiddlebase"
													{parameters "LastPose = undefined;"}
													{Matrix34
														0.0964117	0.24826	-0.963883
														-0.197277	-0.944417	-0.26298
														-0.975596	0.215507	-0.0420789
														0.279718	0.087513	-1.50613
													}
													{bone "righthandmiddle1"
														{parameters "LastPose = undefined;"}
														{Matrix34
															0.965162	-0.190488	0.17938
															0.193629	0.981075	0
															-0.175983	0.0347337	0.98378
															0	0	0
														}
														{bone "righthandmiddle2"
															{Matrix34
																0.795217	-0.606325	0
																0.606326	0.795217	0
																0	0	1
																0.991684	0	0
															}
															{bone "righthandmiddle3"
																{Matrix34
																	0.951582	-0.307394	-1.68383e-05
																	0.307395	0.951582	-1.14962e-05
																	1.96099e-05	0	1
																	0.741716	0	0
																}
																{bone "righthandmiddle4"
																	{Matrix34
																		1	0	0
																		0	1	-3.64482e-05
																		0	3.9123e-05	1
																		0.560162	0	1.23978e-05
																	}
																}
															}
															{bone "r_middle3"
																{parameters "LastPose = undefined;"}
																{Matrix34
																	0.951583	-0.307391	0
																	0.307392	0.951583	0
																	0	0	1
																	0.47884	0.306637	-0.00213337
																}
															}
														}
														{bone "r_middle2"
															{parameters "LastPose = undefined;"}
															{Matrix34
																0.79522	-0.606321	0
																0.606322	0.79522	0
																0	0	1
																0.872517	0.452394	-0.0015974
															}
														}
													}
													{bone "r_middle1"
														{parameters "LastPose = undefined;"}
														{Matrix34
															0.975639	-0.192556	0.105124
															0.193629	0.981075	0
															-0.103133	0.0203556	0.994459
															0	0.555182	0
														}
													}
												}
												{bone "righthandringbase"
													{parameters "LastPose = undefined;"}
													{Matrix34
														-0.074462	0.281915	-0.956545
														-0.197278	-0.944416	-0.262985
														-0.977516	0.169124	0.125936
														-0.181876	0.189144	-1.52485
													}
													{bone "righthandring1"
														{parameters "LastPose = undefined;"}
														{Matrix34
															0.978708	-0.0880059	0.185434
															0.0916693	0.995726	-0.011252
															-0.183648	0.0280119	0.982593
															0	0	0
														}
														{bone "righthandring2"
															{parameters "LastPose = undefined;"}
															{Matrix34
																0.973033	-0.230667	0
																0.230669	0.973032	0
																0	0	1
																0.858055	0	0
															}
															{bone "righthandring3"
																{Matrix34
																	0.871764	-0.489925	3.75807e-05
																	0.489927	0.871764	-5.82486e-05
																	0	7.09593e-05	1
																	0.64282	0	0
																}
																{bone "righthandring4"
																	{Matrix34
																		1	0	0
																		0	1	0
																		0	0	1
																		0.487395	0	0
																	}
																}
															}
															{bone "r_ring3"
																{parameters "LastPose = undefined;"}
																{Matrix34
																	0.871764	-0.489924	0
																	0.489926	0.871765	0
																	0	0	1
																	0.642817	0.461634	0
																}
															}
														}
														{bone "r_ring2"
															{parameters "LastPose = undefined;"}
															{Matrix34
																0.973033	-0.230666	0
																0.230668	0.973033	0
																0	0	1
																0.858058	0.518652	0
															}
														}
													}
													{bone "r_ring1"
														{parameters "LastPose = undefined;"}
														{Matrix34
															0.98214	-0.149802	0.113846
															0.150783	0.988567	0
															-0.112542	0.0171663	0.993499
															0	0.560667	0
														}
													}
												}
												{bone "righthandpinkybase"
													{parameters "LastPose = undefined;"}
													{Matrix34
														-0.243077	0.307	-0.920144
														-0.197278	-0.944416	-0.262984
														-0.949735	0.1176	0.290127
														-0.611534	0.282125	-1.53644
													}
													{bone "righthandpinky1"
														{parameters "LastPose = undefined;"}
														{Matrix34
															0.900934	-0.358411	0.244664
															0.369646	0.929173	0
															-0.227333	0.0904398	0.969608
															0	0	0
														}
														{bone "righthandpinky2"
															{Matrix34
																0.934126	-0.356942	1.33812e-05
																0.356944	0.934126	0
																-1.34408e-05	0	1
																0.716185	0	0
															}
															{bone "righthandpinky3"
																{Matrix34
																	0.93407	-0.357089	1.65999e-05
																	0.35709	0.93407	-4.48637e-05
																	0	5.03808e-05	1
																	0.535684	0	0
																}
																{bone "righthandpinky4"
																	{Matrix34
																		1	0	0
																		0	1	0
																		0	0	1
																		0.396509	0	0
																	}
																}
															}
															{bone "r_pinky3"
																{parameters "LastPose = undefined;"}
																{Matrix34
																	0.93407	-0.357089	0
																	0.35709	0.93407	0
																	0	0	1
																	0.26575	0.291245	-0.00950432
																}
															}
														}
														{bone "r_pinky2"
															{parameters "LastPose = undefined;"}
															{Matrix34
																0.934127	-0.35694	0
																0.356942	0.934127	0
																0	0	1
																0.576879	0.376865	-0.00557327
															}
														}
													}
													{bone "r_pinky1"
														{parameters "LastPose = undefined;"}
														{Matrix34
															0.900934	-0.358411	0.244664
															0.369646	0.929173	0
															-0.227333	0.0904392	0.969608
															0	0.463673	0
														}
													}
												}
												{bone "righthandthumbbase"
													{parameters "LastPose = undefined;"}
													{Matrix34
														0.718793	0.324475	-0.614859
														0.527117	-0.831012	0.177673
														-0.453305	-0.451814	-0.768362
														0.606988	-0.128698	-0.0563564
													}
													{bone "righthandthumb1"
														{Matrix34
															0.921192	-0.389109	0
															0.389109	0.921192	0
															0	0	1
															0	0	0
														}
														{bone "righthandthumb2"
															{Matrix34
																1	-1.52439e-05	1.68905e-05
																1.51545e-05	1	0
																-1.73897e-05	0	1
																1.02929	0	0
															}
															{bone "righthandthumb3"
																{Matrix34
																	1	0	-1.38357e-05
																	0	1	0
																	1.32769e-05	0	1
																	0.73094	0	0
																}
																{bone "righthandthumb4"
																	{Matrix34
																		1	0	0
																		0	1	0
																		0	0	1
																		0.529864	0	0
																	}
																}
															}
															{bone "r_thumb3"
																{parameters "LastPose = undefined;"}
																{Matrix34
																	1	0	0
																	0	1	0
																	0	0	1
																	0.730937	0.514259	0
																}
															}
														}
														{bone "r_thumb2"
															{parameters "LastPose = undefined;"}
															{Matrix34
																1	0	0
																0	1	0
																0	0	1
																1.0293	0.535988	0
															}
														}
													}
													{bone "r_thumb1"
														{parameters "LastPose = undefined;"}
														{Matrix34
															1	0	0
															0	1	0
															0	0	1
															0	0.592854	0
														}
													}
												}
											}
										}
									}
								}
							}
							{bone "clavicle_left"
								{Position -0.139178	6.12487	-1.18112}
								{bone "hand1l"
									{Matrix34
										0.0307142	-0.248445	-0.968159
										0.97283	0.229808	-0.0281101
										0.229474	-0.94099	0.248754
										0.0503407	-0.225975	-2.95273
									}
									{bone "hand2l"
										{Matrix34
											0.458669	0.888607	0
											-0.888607	0.458669	0
											0	0	1
											6.26812	0	0
										}
										{bone "hand3l"
											{Matrix34
												0.982611	-0.185677	0
												0.185676	0.982611	0
												0	0	1
												5.19218	0	0
											}
										}
										{bone "left_hand"
											{Matrix34
												0.275672	0.823504	-0.495828
												0.00418923	-0.516839	-0.856072
												-0.961242	0.23392	-0.145927
												5.99778	-0.667304	0.40992
											}
										}
										{bone "hand_rot1l"
											{Matrix34
												0.00130252	-0.999931	0.0116372
												-0.999999	-0.00131387	-0.00103796
												0.00105407	-0.0116362	-0.999932
												5.25743	-0.000658989	-0.00162506
											}
											{bone "palm1l"
												{Matrix34
													0.965404	0.24925	-0.0766091
													-0.0261243	-0.199864	-0.979475
													-0.259447	0.947591	-0.186439
													0.0886898	-0.337658	-0.09161
												}
												{bone "palm2l"
													{Matrix34
														-0.00577146	0.491344	-0.870946
														-0.00434893	-0.870965	-0.491327
														-0.999974	0.000952244	0.00716353
														-0.0738363	0.242491	-1.26342
													}
													{bone "palm3l"
														{Matrix34
															0.578449	-0.815719	0
															0.815719	0.578449	0
															0	0	1
															0.578553	0.000164032	0
														}
													}
												}
												{bone "palm2l_hide"
													{Matrix34
														-0.00577145	0.491344	-0.870946
														-0.00434837	-0.870964	-0.491327
														-0.999974	0.000952929	0.00716358
														-0.0738363	0.242491	-1.26342
													}
													{bone "palm3l_hide"
														{Matrix34
															0.578448	-0.815718	0
															0.815719	0.57845	0
															0	0	1
															0.578553	0.000165939	0
														}
														{bone "palm4l_hide"
															{Matrix34
																1	0	0
																0	1	0
																0	0	1
																0.511902	-3.05176e-05	0
															}
														}
													}
												}
												{bone "lefthandindexbase"
													{parameters "LastPose = undefined;"}
													{Matrix34
														-0.264357	0.207069	-0.941933
														-0.19728	0.944416	0.262984
														0.944032	0.255346	-0.208813
														-0.736827	-0.0177002	-1.47121
													}
													{bone "lefthandindex1"
														{Matrix34
															0.990805	0.1353	0
															-0.135302	0.990805	0
															0	0	1
															0	0	0
														}
														{bone "lefthandindex2"
															{Matrix34
																0.962694	0.27059	0
																-0.270592	0.962695	0
																0	0	1
																0.858051	0	0
															}
															{bone "lefthandindex3"
																{Matrix34
																	0.931883	0.362749	0.00279817
																	-0.362398	0.930581	0.0518333
																	0.0161991	-0.049317	0.998652
																	0.64282	0	0
																}
																{bone "lefthandindex4"
																	{Matrix34
																		1	0	0
																		0	1	0
																		0	0	1
																		0.479887	0	0
																	}
																}
															}
															{bone "l_index3"
																{parameters "LastPose = undefined;"}
																{Matrix34
																	1	0	0
																	0	1	0
																	0	0	1
																	0.634824	-0.419487	0
																}
															}
														}
														{bone "l_index2"
															{parameters "LastPose = undefined;"}
															{Position 0.85805	-0.418209	0}
														}
													}
													{bone "l_index1"
														{parameters "LastPose = undefined;"}
														{Position 0	-0.430471	0}
													}
												}
												{bone "lefthandmiddlebase"
													{parameters "LastPose = undefined;"}
													{Matrix34
														-0.0964108	0.24826	-0.963884
														-0.197277	0.944417	0.26298
														0.975596	0.215506	-0.042077
														-0.279716	0.087513	-1.50614
													}
													{bone "lefthandmiddle1"
														{Matrix34
															1	0	0
															0	1	0
															0	0	1
															0	0	0
														}
														{bone "lefthandmiddle2"
															{Matrix34
																0.970377	0.237094	0.0464123
																-0.237351	0.971424	0
																-0.0450857	-0.0110151	0.998922
																0.99168	0	0
															}
															{bone "lefthandmiddle3"
																{Matrix34
																	0.824417	0.565982	-1.21891e-05
																	-0.565983	0.824418	1.68681e-05
																	2.02805e-05	0	1
																	0.741719	0	0
																}
																{bone "lefthandmiddle4"
																	{Matrix34
																		1	0	1.04308e-05
																		0	1	3.75807e-05
																		0	-3.79086e-05	1
																		0.56016	0	1.52588e-05
																	}
																}
															}
															{bone "l_middle3"
																{parameters "LastPose = undefined;"}
																{Matrix34
																	1	0	0
																	0	1	0
																	0	0	1
																	0.741718	-0.448395	0
																}
															}
														}
														{bone "l_middle2"
															{parameters "LastPose = undefined;"}
															{Matrix34
																1	0	0
																0	1	0
																0	0	1
																0.991682	-0.461317	0
															}
														}
													}
													{bone "l_middle1"
														{parameters "LastPose = undefined;"}
														{Matrix34
															1	0	0
															0	1	0
															0	0	1
															0	-0.463575	0
														}
													}
												}
												{bone "lefthandringbase"
													{parameters "LastPose = undefined;"}
													{Matrix34
														0.0744628	0.281914	-0.956546
														-0.197277	0.944416	0.262984
														0.977516	0.169122	0.125938
														0.181879	0.189142	-1.52485
													}
													{bone "lefthandring1"
														{Matrix34
															0.995908	0.0903712	0
															-0.0903731	0.995908	0
															0	0	1
															0	0	0
														}
														{bone "lefthandring2"
															{Matrix34
																0.951364	0.308068	0
																-0.308069	0.951364	0
																0	0	1
																0.858051	0	0
															}
															{bone "lefthandring3"
																{Matrix34
																	0.60904	0.79314	5.84424e-05
																	-0.793139	0.609041	4.01847e-05
																	0	-7.11977e-05	1
																	0.642823	0	0
																}
																{bone "lefthandring4"
																	{Matrix34
																		1	0	0
																		0	1	0
																		0	0	1
																		0.487396	0	0
																	}
																}
															}
															{bone "l_ring3"
																{parameters "LastPose = undefined;"}
																{Matrix34
																	1	0	0
																	0	1	0
																	0	0	1
																	0.642824	-0.517252	0
																}
															}
														}
														{bone "l_ring2"
															{parameters "LastPose = undefined;"}
															{Matrix34
																1	0	0
																0	1	0
																0	0	1
																0.858057	-0.428921	0
															}
														}
													}
													{bone "l_ring1"
														{parameters "LastPose = undefined;"}
														{Position 0	-0.493238	0}
													}
												}
												{bone "lefthandpinkybase"
													{parameters "LastPose = undefined;"}
													{Matrix34
														0.243077	0.306999	-0.920144
														-0.197278	0.944416	0.262984
														0.949734	0.117599	0.290129
														0.611537	0.282124	-1.53645
													}
													{bone "lefthandpinky1"
														{Matrix34
															0.934605	0.334718	0.120318
															-0.33717	0.941444	0
															-0.113272	-0.0405667	0.992735
															0	0	0
														}
														{bone "lefthandpinky2"
															{Matrix34
																0.943083	0.332556	1.42157e-05
																-0.332557	0.943084	0
																-1.3411e-05	0	1
																0.716187	0	0
															}
															{bone "lefthandpinky3"
																{Matrix34
																	0.944529	0.32843	1.60635e-05
																	-0.32843	0.944529	4.66853e-05
																	0	-4.98444e-05	1
																	0.535685	0	0
																}
																{bone "lefthandpinky4"
																	{Matrix34
																		1	0	0
																		0	1	0
																		0	0	1
																		0.396509	0	0
																	}
																}
															}
															{bone "l_pinky3"
																{parameters "LastPose = undefined;"}
																{Matrix34
																	0.944528	0.32843	0
																	-0.32843	0.944529	0
																	0	0	1
																	0.337765	-0.32073	-0.000478745
																}
															}
														}
														{bone "l_pinky2"
															{parameters "LastPose = undefined;"}
															{Matrix34
																0.943084	0.332554	0
																-0.332555	0.943084	0
																0	0	1
																0.623663	-0.342045	-3.43323e-05
															}
														}
													}
													{bone "l_pinky1"
														{parameters "LastPose = undefined;"}
														{Matrix34
															0.934605	0.334719	0.120319
															-0.33717	0.941444	0
															-0.113271	-0.0405664	0.992736
															0	-0.498642	0
														}
													}
												}
												{bone "lefthandthumbbase"
													{parameters "LastPose = undefined;"}
													{Matrix34
														-0.718791	0.324476	-0.61486
														0.527118	0.831011	-0.177673
														0.453306	-0.451814	-0.768361
														-0.606988	-0.128698	-0.0563622
													}
													{bone "lefthandthumb1"
														{Position 0	0	0}
														{bone "lefthandthumb2"
															{Matrix34
																0.997794	0.0663881	1.64174e-05
																-0.0663889	0.997794	0
																-1.60486e-05	0	1
																1.02929	0	0
															}
															{bone "lefthandthumb3"
																{Matrix34
																	0.978679	0.205398	-1.36904e-05
																	-0.205399	0.978678	0
																	1.45175e-05	0	1
																	0.73094	0	0
																}
																{bone "bone009(mirrored)"
																	{Matrix34
																		1	0	0
																		0	1	0
																		0	0	1
																		0.529864	0	0
																	}
																}
															}
															{bone "l_thumb3"
																{parameters "LastPose = undefined;"}
																{Matrix34
																	1	0	0
																	0	1	0
																	0	0	1
																	0.730937	-0.541817	0
																}
															}
														}
														{bone "l_thumb2"
															{parameters "LastPose = undefined;"}
															{Matrix34
																1	0	0
																0	1	0
																0	0	1
																1.0293	-0.545841	0
															}
														}
													}
													{bone "l_thumb1"
														{parameters "LastPose = undefined;"}
														{Matrix34
															1	0	0
															0	1	0
															0	0	1
															0	-0.602827	0
														}
													}
												}
											}
										}
									}
								}
							}
						}
					}
				}
			}
			{bone revolute "placement"
				{Matrix34
					0	1	0
					-1	0	0
					0	0	1
					0.783108	0	0
				}
			}
			{bone "foot1r"
				{Matrix34
					-0.993574	0.0113922	0.112613
					0.112601	-0.00168383	0.993639
					0.0115094	0.999934	0.000390052
					-0.143518	2.17103	-0.488755
				}
				{bone "foot2r"
					{Matrix34
						0.951795	-0.306736	-0.00010452
						0.306736	0.951795	-3.96455e-05
						0.00011162	0	1
						9.37831	-0.0472314	0
					}
					{bone "bone03"
						{Matrix34
							0.221381	0.973964	0.0488397
							-0.972284	0.216583	0.0880676
							0.0751968	-0.0669828	0.994917
							8.74023	0.113253	0.00567937
						}
					}
					{bone "foot3r"
						{Matrix34
							0.0880284	0.974738	0.205272
							0.00721268	0.205443	-0.978643
							-0.996092	0.0876285	0.0110542
							9.2003	-0.346288	-0.0729969
						}
						{bone "bone05"
							{Position 2.60015	0	0}
						}
					}
				}
			}
		}
		{bone revolute "foresight2rot"
			{limits -20 20}
			{speed 0.1}
			{Position 13.7429	0.0246876	27.5947}
		}
		{bone "palm_ik_holder_right02"
			{Matrix34
				0.877807	-0.47052	0.0898095
				0.420448	0.846653	0.326193
				-0.229518	-0.248574	0.941027
				0.107621	-10.1948	27.8378
			}
			{bone "palm_ik_holder_right01"
				{Matrix34
					0.00333614	-0.999958	0.00855812
					-0.999992	-0.00331769	0.00210746
					-0.00207914	-0.00856498	-0.999961
					5.19224	0	0
				}
				{bone "palm_ik_holder_right"
					{Matrix34
						-0.963565	-0.249482	-0.0964404
						-0.0459583	-0.200771	0.97856
						-0.263496	0.947338	0.18199
						0.119856	-0.16488	0.148727
					}
					{bone "ik_chain07"
						{Matrix34
							0.999956	0.00324056	-0.0088628
							2.75373e-05	0.938188	0.346125
							0.00943679	-0.346109	0.938147
							0.138651	1.07072	-1.80207
						}
					}
				}
			}
		}
		{bone "palm_ik_holder_left02"
			{Matrix34
				0.878554	0.469039	0.09025
				0.418909	-0.847419	0.326186
				0.229473	-0.248765	-0.940988
				0.103745	10.2025	27.8356
			}
			{bone "palm_ik_holder_left01"
				{Matrix34
					0.00130199	-0.999932	0.0116375
					-0.999999	-0.0013141	-0.00103832
					0.00105345	-0.0116362	-0.999932
					5.25744	-0.000657082	-0.00162125
				}
				{bone "palm_ik_holder_left"
					{Matrix34
						0.965404	0.249251	-0.0766089
						-0.0261238	-0.199865	-0.979475
						-0.259446	0.947591	-0.186439
						0.0856133	-0.338799	-0.0894642
					}
					{bone "ik_chain08"
						{Matrix34
							0.999967	-0.00286275	0.00758451
							0.000204325	0.944171	0.329455
							-0.00810431	-0.329442	0.944141
							-0.0736461	1.03671	-1.81879
						}
					}
				}
			}
		}
		{bone "1stp"
			{parameters "ID=body;"}
			{VolumeView "1stp.ply"}
		}
	}
}
