{Skeleton
	{extension "/properties/animation/human/human_anm.ext"}
	{bone revolute "basis"
		{limits -30 30}
		{speed2 720}
		{Orientation
			1	0	0
			0	-1	0
			0	0	1
		}
		{bone "handle"}
		{bone "repair_bone"
			{Position 5.65515	-6.13264	0}
		}
		{bone "repair_bone2"
			{Position 2.30992	8.61801	0}
		}
		{bone "body"
			{parameters "ID=body;"}
			{Matrix34
				0	0	1
				0	-1	0
				1	0	0
				0	0.0344553	19.9224
			}
			{bone "tag_grenade_l_01"
				{Matrix34
					-0.990548	0.0615908	0.122566
					-0.0418355	0.715308	-0.697556
					-0.130635	-0.69609	-0.70597
					0.126442	-2.72463	1.33193
				}
				{bone "tag_grenade_l_02"
					{Matrix34
						-0.0752581	-0.996752	-0.0286711
						0.991517	-0.0778568	0.104084
						-0.105978	-0.0205947	0.994155
						0.0668468	-0.535558	-0.153898
					}
				}
			}
			{bone "tag_grenade_r_01"
				{Matrix34
					-0.98141	0.173496	-0.0820564
					0.0206714	-0.329507	-0.943927
					-0.190806	-0.928075	0.319796
					0.0217972	2.29032	1.88855
				}
				{bone "tag_grenade_r_02"
					{Matrix34
						-0.0752581	-0.996752	-0.0286709
						0.991517	-0.0778567	0.104084
						-0.105978	-0.0205949	0.994155
						0.0668468	-0.535558	-0.153898
					}
				}
			}
			{bone revolute "aim_knife_h"
				{limits -50 50}
				{speed2 80}
				{Matrix34		; standing
					0.127994	-0.657619	0.742398
					-0.048175	0.743549	0.666944
					0.990604	0.121129	-0.0634885
					7.61786	-0.828973	1.01826
				}
				{bone revolute "aim_knife_v"
					{limits -120 120}
					{speed2 50}
					{Matrix34
						1	0	0
						0	0	1
						0	-1	0
						0	0	0
					}
					{bone "aim_knife"
						{Matrix34
							1	0	0
							0	0	-1
							0	1	0
							0	2.3048	-2.15348
						}
					}
				}
			}	
			{bone revolute "aim_ref_h"
				{limits -45 50}
				{speed2 30}
				{Matrix34		; standing
					0.127994	-0.657619	0.742398
					-0.048175	0.743549	0.666944
					0.990604	0.121129	-0.0634885
					7.61786	-0.828973	1.01826
				}
				{bone revolute "aim_ref_v"
					{limits -70 70}
					{speed2 50}
					{Matrix34
						1	0	0
						0	0	1
						0	-1	0
						0	0	0
					}
					{bone "aim_ref"
						{Matrix34
							1	0	0
							0	0	-1
							0	1	0
							0	2.3048	-2.15348
						}
					}
				}
			}
			{bone "foot1l"
				{Matrix34
					-0.993535	-0.0202594	0.111706
					0.111669	0.00297451	0.993741
					0.0204649	-0.99979	0.000692932
					-0.143509	-2.13095	-0.488995
				}
				{bone "foot2l"
					{Matrix34
						0.952383	-0.304905	-0.000107979
						0.304904	0.952383	-4.07645e-005
						0.000115264	0	1
						9.37838	-0.0471728	0
					}
					{bone "foot3l"
						{Matrix34
							0.0905545	0.979616	0.179312
							0.00345656	-0.18036	0.983595
							0.995886	-0.0884492	-0.0197185
							9.2003	-0.346289	-0.0729971
						}
						{bone "footstep_l"
							{Matrix34
								0.96642	0	-0.256967
								0	1	0
								-0.256967	0	-0.96642
								2.62841	-0.21822	0.815455
							}
						}
						{bone "bone07"
							{Position 2.60015	0	0}
							{bone "j_ball_le"
								{Orientation
									1	0	0
									0	0.0588839	0.998265
									0	0.998265	-0.0588837
								}
							}
						}
						{bone "j_ankle_le"
							{Orientation
								0.988939	0.00873393	0.148065
								-0.148323	0.0582327	0.987223
								0	0.998265	-0.058884
							}
						}
					}
					{bone "j_knee_le"
						{Matrix34
							0.998773	0.0480868	-0.0118027
							0.0480901	-0.998843	1.86423e-05
							0.0117882	0.000586134	0.99993
							0	0	0
						}
						{bone "j_kneedq_le"
							{Matrix34
								0.998226	-0.0595471	0
								0.0595468	0.998226	0
								0	0	1
								0.00894356	0.149896	0
							}
						}
					}
				}
				{bone "j_hip_le"
					{Matrix34
						0.999916	0.00595573	-0.0115028
						0.0059205	-0.999978	-0.00309829
						0.011521	-0.00303001	0.999929
						0.678116	-0.0926597	0.254135
					}
					{bone "j_hiptwist_le"
						{Position 0.500044	-1.44243e-05	0}
						{bone "j_hipholster_le"
							{Position 2.49972	-7.92742e-05	0}
						}
					}
					{bone "j_hip_proc_le"
						{Position 4.99994	-0.000151634	0}
					}
				}
			}
			{bone "foot1r"
				{Matrix34
					-0.993574	0.0113923	0.112614
					0.112602	-0.00168434	0.993639
					0.0115095	0.999934	0.000390725
					-0.143518	2.17103	-0.488755
				}
				{bone "foot2r"
					{Matrix34
						0.951794	-0.306737	-0.000104563
						0.306737	0.951794	-3.9472e-005
						0.000111623	0	1
						9.37832	-0.047231	0
					}
					{bone "foot3r"
						{Matrix34
							0.0880276	0.974738	0.205272
							0.00721294	0.205443	-0.978643
							-0.996092	0.0876278	0.0110539
							9.2003	-0.346288	-0.0729971
						}
						{bone "footstep_r"
							{Matrix34
								0.960862	0	0.277026
								0	1	0
								-0.277026	0	0.960863
								2.49839	0.0583651	-0.244121
							}
						}
						{bone "bone05"
							{Position 2.60015	0	0}
							{bone "j_ball_ri"
								{Matrix34
									1	0	0
									0	-0.0353923	-0.999373
									0	0.999374	-0.0353922
									0	0	0
								}
							}
						}
						{bone "j_ankle_ri"
							{Matrix34
								0.988939	-0.0116755	-0.147863
								-0.148323	-0.077848	-0.98587
								0	0.996897	-0.0787185
								0	0	0
							}
						}
					}
					{bone "j_knee_ri"
						{Matrix34
							0.999748	-0.0209709	-0.00800905
							-0.0209333	-0.999769	0.00477622
							-0.00810749	-0.00460719	-0.999957
							0	0	0
						}
						{bone "j_kneedq_ri"
							{Matrix34
								0.998226	-0.0595471	0
								0.0595469	0.998226	0
								0	0	1
								0.00894547	0.149896	0
							}
						}
					}
				}
				{bone "j_hip_ri"
					{Matrix34
						0.999785	0.00505999	-0.0201218
						0.00502597	-0.999986	-0.00173816
						-0.0201304	0.00163684	-0.999796
						0.676094	-0.092939	0.289078
					}
					{bone "j_hiptwist_ri"
						{Position 0.500044	-1.44243e-05	0}
						{bone "j_hipholster_ri"
							{Position 2.49972	-7.89165e-05	0}
							{bone "tag_stowed_thigh"
								{Matrix34
									0.997526	-0.0139024	0.0689122
									-0.0692733	-0.0274142	0.997221
									-0.0119747	-0.999528	-0.0283094
									4.02997	0.029271	-2.0745
								}
							}
						}
					}
					{bone "j_hip_proc_ri"
						{Position 4.82943	-0.000362873	0}
					}
				}
			}
			{bone revolute "ik_leftright"
				{limits -45 45}
				{speed2 150}
				{Matrix34
					0	0	1
					0	-1	0
					1	0	0
					1.90368	0.0344548	0
				}
				{bone "armor_r1"
					{Matrix34
						1.07733e-05	-1	0
						0	0	1
						-1	-1.08627e-05	0
						1.78049	-0.594226	-1.10317
					}
				}
				{bone "armor_l1"
					{Matrix34
						1.07733e-05	-1	0
						0	0	1
						-1	-1.08627e-05	0
						1.78047	1.63063	-1.10316
					}
				}
				{bone "armor_l4"
					{Matrix34
						-1.08627e-05	1	0
						0	0	1
						1	1.08926e-05	0
						-2.23122	1.63061	-1.10316
					}
				}
				{bone "armor_r4"
					{Matrix34
						-1.08627e-05	1	0
						0	0	1
						1	1.08926e-05	0
						-2.23121	-0.59425	-1.10318
					}
				}
				{bone "j_bag_rear1_le"
					{Matrix34
						-0.226769	0.0283821	-0.973535
						0.929524	-0.292137	-0.225034
						-0.290793	-0.955955	0.039866
						-2.51658	1.24932	0.229498
					}
				}
				{bone "j_bag_rear2_ri"
					{Matrix34
						-0.22603	-0.0855087	-0.97036
						0.91727	0.316642	-0.241566
						0.327913	-0.944683	0.00686394
						-2.57417	-1.43974	0.33177
					}
				}
				{bone "j_bag_front1_le"
					{Matrix34
						0.166704	0.31786	-0.933368
						-0.859158	0.511292	0.0206715
						0.483794	0.798465	0.358326
						0.823038	2.80022	0.990368
					}
				}
				{bone "j_bag_front2_le"
					{Matrix34
						0.166704	0.31786	-0.933368
						-0.859158	0.511292	0.0206715
						0.483794	0.798465	0.358326
						2.39041	1.92877	0.506594
					}
				}
				{bone "j_spinelower_lift"
					{Matrix34
						0	0	1
						-0.999971	-0.00760922	0
						0.00760922	-0.999971	0
						-0.504999	0	-0.959574
					}
					{bone "j_proc_spinelower"
						{bone "j_proc_spinelower2"
							{Position 1.5625	0	0}
							{bone "j_proc_spinelower3"
							}
						}
						{bone "j_groinprotector"
							{Matrix34
								1	0.000976996	0
								-0.000977003	1	0
								0	0	1
								0.2335	-3.25	0
							}
							{bone "j_cosmetic_groinbag"
								{Position -1.226	-0.000323057	0}
							}
						}
						{bone "j_proc_spinelower_lift"
							{Position -1.2165	0	0}
							{bone "j_proc_spinelower_swivel"
								{bone "j_proc_spinelower_swivel_lift"
								}
							}
						}
					}
				}
				{bone "j_spinelower"
					{Matrix34
						0	0	1
						-0.999971	-0.00760922	0
						0.00760922	-0.999971	0
						-0.504998	0	-0.959574
					}
				}
				{bone planarsocket "ik_socket"
					{limits 65}
					{speed2 200}
					{Matrix34
					    0   1	0
						1	0	0
						0	0	1
	        
						0	0	0
					}
					{bone "compensate"
						{Matrix34
						    0   1	0
							1	0	0
							0	0	1
	        
							0	0   0
						}
						; {bone revolute "ik_lat" ;
							; {limits -40 40}
							; {speed2 720}
							; {Matrix34
								; 0	0	1
								; 0	1	0
								; -1	0	0
								; 0	0	0
							; }
							; {bone revolute "ik_lng" ;
								; {limits -40 40}
								; {speed2 720}
								; {Matrix34
									; 1	0	0
									; 0	0	1
									; 0	-1	0
									; 0	0	0
								; }
								; {bone "compensate2"
									; {Matrix34
										; 0	-1	0
										; 0	0	-1
										; 1	0	0
										; 0	0	0
									; }
									{bone "ik_updown" ;revolute "ik_updown"
										;{limits -40 20}
										;{limits 0 0}
										;{speed 0.1}
										{Matrix34
											1	0	0
											0	0	1
											0	-1	0
											0	0	1.66801
										}
										{bone "armor_l2"
											{Matrix34
												0	0	1
												-1.00721e-05	1	0
												-1	-1.06704e-05	0
												1.78047	0.443825	-1.63061
											}
										}
										{bone "armor_l3"
											{Matrix34
												0	0	1
												-1.00721e-05	1	0
												-1	-1.06704e-05	0
												1.78047	3.73164	-1.63058
											}
										}
										{bone "armor_r2"
											{Matrix34
												0	0	1
												-1.00721e-05	1	0
												-1	-1.06704e-05	0
												1.78048	0.4438	0.594242
											}
										}
										{bone "armor_r3"
											{Matrix34
												0	0	1
												-1.00721e-05	1	0
												-1	-1.06704e-05	0
												1.78048	3.73162	0.594275
											}
										}
										{bone "armor_l5"
											{Matrix34
												0	0	-1
												0	1	0
												1	0	0
												-2.23122	0.443825	-1.63059
											}
										}
										{bone "armor_l6"
											{Matrix34
												0	0	-1
												0	1	0
												1	0	0
												-2.23122	3.73164	-1.63055
											}
										}
										{bone "armor_r5"
											{Matrix34
												0	0	-1
												0	1	0
												1	0	0
												-2.23121	0.4438	0.594266
											}
										}
										{bone "armor_r6"
											{Matrix34
												0	0	-1
												0	1	0
												1	0	0
												-2.23121	3.73162	0.594299
											}
										}
										{bone "fxshot"
											{Matrix34
												0.00625344	-0.968329	0.249598
												-0.0179845	-0.249671	-0.968164
												0.999819	0.00156598	-0.0189762
												-1.04817	2.69532	4.8434
											}
										}
										{bone "j_proc_stowed_chest"
											{Matrix34
												0	-1	-1.01918e-05
												-1	0	6.66065e-05
												-6.66061e-05	1.01918e-05	-1
												5.739	0.872406	-0.00038917
											}
										}
										{bone "j_cosmetic_bag_main"
											{Matrix34
												0.0960224	0.995379	0.000270844
												0.995364	-0.096022	0.00548017
												0.00548086	-0.000256629	-0.999985
												4.43102	1.5069	0.233705
											}
											{bone "j_cosmetic_bag_02"
												{Matrix34
													-0.953656	0.0224012	-0.300065
													0.24403	-0.525844	-0.814823
													-0.176041	-0.850286	0.496008
													-3.44986	-8.00273	-1.955
												}
												{bone "j_cosmetic_bag_03"
													{Matrix34
														0.902926	-0.422898	0.0766954
														0.373509	0.860368	0.346784
														-0.21264	-0.284473	0.934804
														1.57117	-0.24007	0.00258553
													}
													{bone "j_cosmetic_bag_04"
														{Matrix34
															0.999079	0.0406819	-0.0136695
															-0.0407227	0.999167	-0.00271273
															0.0135479	0.00326719	0.999903
															1.51953	-0.0147498	0.00897896
														}
													}
												}
											}
											{bone "j_cosmetic_bag_05"
												{Matrix34
													-0.947444	0.0443886	0.316827
													0.297205	-0.24439	0.923008
													0.1184	0.968661	0.218353
													-3.48811	-8.24819	2.0075
												}
												{bone "j_cosmetic_bag_06"
													{Matrix34
														0.94048	-0.339836	0.00309177
														0.337144	0.931807	-0.134424
														0.0428011	0.127465	0.990919
														1.53255	-0.21907	0.00786209
													}
													{bone "j_cosmetic_bag_07"
														{Matrix34
															0.999297	-0.0311951	-0.0207945
															0.0311751	0.999513	-0.00130085
															0.0208249	0.000651027	0.999783
															1.5609	0.0118213	0.00976729
														}
													}
												}
											}
										}
										{bone "tag_stowed_chest"
											{Matrix34
												0	-1	-1.01918e-05
												-1	0	6.667e-05
												-6.66694e-05	1.01918e-05	-1
												5.739	-4.3296	-0.000442188
											}
										}
										{bone "j_cosmetic_1"
											{Matrix34
												-0.274135	0.961691	2.81335e-05
												-0.961691	-0.274136	6.14238e-05
												6.67824e-05	-1.02173e-05	1
												2.5645	4.92091	-0.000135929
											}
										}
										{bone "j_cosmetic_2"
											{Matrix34
												-0.342025	0.939691	3.2425e-05
												-0.939691	-0.342026	5.92627e-05
												6.67782e-05	-1.02001e-05	1
												2.68084	4.92143	-2.45914
											}
										}
										{bone "j_spineupper"
											{Matrix34
												0	1	0
												-0.999971	0	0.00760922
												0.00760922	0	0.999971
												-0.505007	0.497408	1.98156e-05
											}
											{bone "j_proc_spineupper"
												{bone "j_cosmetic_backbag_01"
													{Matrix34
														0.999349	-0.0360664	0
														0.0360662	0.999349	0
														0	0	1
														0.682499	3.0745	0.4385
													}
													{bone "j_cosmetic_backbag_02"
														{Matrix34
															0.929776	-0.368125	0
															0.368125	0.929777	0
															0	0	1
															-2.04076	2.65809	-1.4665
														}
														{bone "j_cosmetic_backbag_03"
															{Position -1.117	8.01086e-05	0}
														}
													}
													{bone "j_cosmetic_backbag_04"
														{Matrix34
															0.982019	-0.188057	-0.0165302
															0.18818	0.982115	0.00621711
															0.0150654	-0.00921599	0.999844
															-2.32793	2.4776	1.409
														}
														{bone "j_cosmetic_backbag_05"
															{Matrix34
																0.961385	0.275207	0
																-0.275207	0.961385	0
																0	0	1
																-1.25227	0.0573196	0.00993156
															}
															{bone "j_cosmetic_backbag_06"
																{Position -1.09831	0.0104084	0.0117981}
															}
														}
													}
												}
												{bone "j_cosmetic_flap_01_a"
													{Matrix34
														-4.04581e-05	-0.368691	0.929552
														-0.000211837	-0.929552	-0.368691
														1	-0.000212037	-4.04962e-05
														-1.9475	-2.6905	4.8845
													}
												}
												{bone "j_cosmetic_thigh_knife"
													{Matrix34
														0.994853	-0.0999189	-0.0168382
														-0.0679098	-0.534148	-0.842659
														0.0752033	0.839465	-0.538184
														-3.0335	1.802	3.386
													}
												}
												{bone "j_proc_spineupperlift"
													{bone "j_cosmetic_grenade_pouch"
														{Matrix34
															1	0	0
															0	0.58684	0.809703
															0	-0.809703	0.58684
															-2.701	1.6745	3.3835
														}
													}
													{bone "j_cosmetic_tape_01_a"
														{Matrix34
															0.983922	-0.0291141	-0.176209
															-0.178192	-0.226513	-0.95757
															-0.0120351	0.973573	-0.228059
															-0.123503	1.966	3.345
														}
														{bone "j_cosmetic_tape_02_a"
															{Matrix34
																0.800806	0.596844	0.0498631
																-0.598413	0.800782	0.0254886
																-0.0247169	-0.0502501	0.998431
																-0.469778	-0.302521	0.0151849
															}
														}
													}
													{bone "j_cosmetic_tape_01_b"
														{Matrix34
															0.997598	-0.00388463	-0.0691558
															-0.068213	-0.228434	-0.971167
															-0.0120251	0.973552	-0.22815
															-0.217503	1.36	3.9385
														}
														{bone "j_cosmetic_tape_02_b"
															{Matrix34
																0.800806	0.596844	0.0498631
																-0.598413	0.800782	0.0254886
																-0.024717	-0.0502501	0.998431
																-0.469599	-0.302655	0.0149572
															}
														}
													}
													{bone "j_cosmetic_tape_01_c"
														{Matrix34
															0.99386	-0.0722555	0.0837916
															-0.105959	-0.403552	0.908801
															-0.0318514	-0.912099	-0.408731
															0.8165	-1.3955	-3.9115
														}
														{bone "j_cosmetic_tape_02_c"
															{Matrix34
																0.800806	0.596844	0.0498631
																-0.598413	0.800782	0.0254882
																-0.0247168	-0.0502503	0.998431
																-0.469528	-0.303139	0.0151193
															}
														}
													}
												}
												{bone "tag_stowed_chest2"
													{Matrix34
														-0.999997	0.00119783	0.00219679
														-0.00119774	0.541726	-0.840555
														-0.00219672	-0.840555	-0.541723
														-6.8915	-3.505	3.5
													}
												}
											}
											{bone "j_proc_dummy_spinelift"
												{Position 4.7845	-0.0120004	0}
											}
											{bone "j_dummy_slingcenteraim"
												{Matrix34
													-0.57394	-0.333231	0.748031
													-0.79047	0.464039	-0.399782
													-0.213896	-0.820747	-0.529739
													4.21499	-1.7255	0.9705
												}
												{bone "j_sling_pivot"
													{Matrix34
														0.946903	0.0421111	-0.318751
														-0.176721	0.896371	-0.406558
														0.268598	0.441301	0.856218
														2.65544	-0.261906	1.98246
													}
													{bone "j_sling_target"
														{Matrix34
															1	0	0
															0	0.539865	0.841752
															0	-0.841752	0.539865
															6.22004	-0.000123978	0.000143051
														}
													}
												}
											}
											{bone "j_dummy_sling_spine"
												{Matrix34
													-0.492658	-0.606378	0.624175
													-0.772714	-0.0250748	-0.634259
													0.400252	-0.794781	-0.456203
													2.0105	-1.251	3.943
												}
											}
											{bone "j_sling_spine"
												{Matrix34
													0.125726	-0.84263	-0.52361
													-0.464177	0.416496	-0.78171
													0.876774	0.341329	-0.338765
													2.0105	-1.251	3.943
												}
											}
										}
										{bone "j_spine4"
											{Matrix34
												0	1	0
												-0.99992	0	0.0126197
												0.0126197	0	0.99992
												-0.505011	2.76291	4.19618e-05
											}
											{bone "tag_inhand"
												{Matrix34
													0	-1	-6.09737e-05
													0	6.09783e-05	-1
													1	0	0
													-6.79	-6.875	0
												}
											}
											{bone "tag_shield_back"
												{Matrix34
													0.142644	0.989774	0
													0	0	1
													0.989774	-0.142644	0
													-0.179501	4.2265	0
												}
											}
											{bone "tag_weapon_chest"
											}
											{bone "j_chest"
											}
											{bone "j_proc_lift_clavicle_le"
												{Matrix34
													0.00940724	-0.0214063	-0.999727
													0.000186386	0.999771	-0.0214055
													0.999956	1.47866e-05	0.00940908
													2.519	-0.0120004	-1.0215
												}
												{bone "j_proc_rot_clavicle_le"
													{bone "j_proc_target_clavicle_le"
														{Orientation
															0.00940727	0.000186901	0.999956
															-0.0214062	0.999771	1.42746e-05
															-0.999727	-0.0214054	0.00940912
														}
													}
												}
											}
											{bone "j_proc_lift_clavicle_ri"
												{Matrix34
													0.00940729	-0.0214064	0.999727
													0.000186648	0.999771	0.0214056
													-0.999956	-1.45435e-05	0.00940913
													2.519	-0.0120004	1.0215
												}
												{bone "j_proc_rot_clavicle_ri"
													{bone "j_proc_target_clavicle_ri"
														{Orientation
															0.00940739	0.00018692	-0.999956
															-0.0214064	0.999771	-1.42935e-05
															0.999727	0.0214056	0.00940923
														}
													}
												}
											}
											{bone "j_proc_spinelift"
												{Position -1.3085	-0.00249982	0}
												{bone "j_proc_spine4"
													{Position 1.3085	0.00249982	0}
													{bone "tag_carry_attach"
														{Matrix34
															-1	0	0
															0	0	1
															0	1	0
															4.9525	-2.743	-3.2215
														}
													}
													{bone "j_proc_spine4_head"
													}
													{bone "link_head"
														{Position 0	0	0}
													}
													{bone "j_proc_radio_le"
														{Position 2.519	-0.0120004	-1.0215}
														{bone "j_proc_radio_buff_le"
															{Matrix34
																0.881456	0.463711	-0.0894813
																0.238394	-0.273329	0.931912
																0.40768	-0.842772	-0.351473
																-0.199997	-2.6175	-1.9
															}
															{bone "j_proc_radio_base_le"
															}
															{bone "j_cosmetic_radio_collar"
																{Orientation
																	0.993472	0	0.114076
																	0	1	0
																	-0.114076	0	0.993472
																}
																{bone "j_cosmetic_radio_01"
																	{Matrix34
																		0.989532	-0.0539098	-0.133867
																		-0.144258	-0.343446	-0.928027
																		0.00405343	0.937624	-0.347628
																		2.08181	0.479711	0.109312
																	}
																	{bone "j_cosmetic_radio_02"
																		{Position 0.560219	0.00043869	0.000208139}
																		{bone "j_cosmetic_radio_03"
																			{Position 0.52095	-0.000181198	-0.000492573}
																			{bone "j_cosmetic_radio_04"
																				{Position 0.732794	0	0.000578642}
																			}
																		}
																	}
																}
															}
														}
													}
													{bone "j_proc_radio_ri"
														{Position 2.519	-0.0120004	1.0215}
														{bone "j_proc_radio_buff_ri"
															{Matrix34
																0.484348	0.862034	0.149347
																0.147663	0.0877085	-0.985141
																-0.862324	0.499205	-0.0848092
																1.6725	2.155	1.7245
															}
															{bone "j_proc_radio_base_ri"
																{bone "j_cosmetic_carabiner"
																}
															}
														}
													}
													{bone "j_cosmetic_boltcutters_01"
														{Matrix34
															-0.999984	-0.00107146	0.0056071
															0.00494912	0.326763	0.945094
															-0.00284506	0.945106	-0.326752
															-0.452997	3.717	-2.507
														}
													}
												}
											}
											{bone "j_spine_head"
												{bone "j_neck_skin"
													{Matrix34
														0.957063	-0.28988	0
														0.28988	0.957063	0
														0	0	1
														4.4115	0	0
													}
												}
											}
										}
										{bone "gun_back_left"
											{Matrix34
												0.0320144	0.995277	0.0916506
												-0.273736	-0.0794605	0.958517
												0.961272	-0.0557738	0.269899
												-4.89434	-3.71263	-3.66974
											}
										}
										{bone "ammo_back_right"
											{Matrix34
												0.090495	0.993829	0.0641409
												-0.288642	0.0878144	-0.953402
												-0.953151	0.0677636	0.294808
												-3.89215	-1.63381	3.78877
											}
										}
										{bone "head"
											{Matrix34
												0.999952	0.00413685	-0.00886182
												-0.00885902	-0.000695586	-0.999961
												-0.00414285	0.999991	-0.000658989
												0	7.21458	0
											}
											{bone "j_neck"
												{Matrix34
													0.293837	0.000417521	0.955856
													-0.955848	-0.00380305	0.293835
													0.0037578	-0.999993	-0.000718342
													-0.505145	0.00442212	-0.0380745
												}
												{bone "j_head"
													{Matrix34
														0.957063	0.28988	0
														-0.28988	0.957063	0
														0	0	1
														1.55848	-0.000222206	0
													}
													{bone "j_head_skin"
														{bone "j_brow_le_1"
															{Matrix34
																0	0	-1
																0	1	0
																1	0	0
																1.78	-2.4225	-0.4435
															}
														}
														{bone "j_brow_le_2"
															{Matrix34
																0	0	-1
																0	1	0
																1	0	0
																1.8075	-2.25	-0.8465
															}
														}
														{bone "j_brow_ri_1"
															{Matrix34
																0	0	-1
																0	1	0
																1	0	0
																1.7585	-2.438	0.448
															}
														}
														{bone "j_brow_ri_2"
															{Matrix34
																0	0	-1
																0	1	0
																1	0	0
																1.7595	-2.2885	0.8515
															}
														}
														{bone "j_cheek_puff_le"
															{Matrix34
																0	0	-1
																0	1	0
																1	0	0
																0.232502	-1.649	-1.044
															}
														}
														{bone "j_cheek_puff_ri"
															{Matrix34
																0	0	-1
																0	1	0
																1	0	0
																0.217999	-1.6735	1.024
															}
														}
														{bone "j_chin"
															{Matrix34
																0	0	-1
																0	1	0
																1	0	0
																-0.473499	-2.315	-0.0535
															}
														}
														{bone "j_eye_lid_bot_le"
															{Matrix34
																0	0	-1
																0	1	0
																1	0	0
																1.451	-2.11	-0.6975
															}
														}
														{bone "j_eye_lid_bot_ri"
															{Matrix34
																0	0	-1
																0	1	0
																1	0	0
																1.428	-2.147	0.633
															}
														}
														{bone "j_eye_lid_top_le"
															{Matrix34
																0	0	-1
																0	1	0
																1	0	0
																1.614	-2.159	-0.709
															}
														}
														{bone "j_eye_lid_top_ri"
															{Matrix34
																0	0	-1
																0	1	0
																1	0	0
																1.5855	-2.188	0.672
															}
														}
														{bone "j_eyelash_bot_le_1"
															{Matrix34
																0	0	-1
																0	1	0
																1	0	0
																1.485	-2.033	-0.8385
															}
														}
														{bone "j_eyelash_bot_le_2"
															{Matrix34
																0	0	-1
																0	1	0
																1	0	0
																1.4685	-2.1185	-0.544
															}
														}
														{bone "j_eyelash_bot_ri_1"
															{Matrix34
																0	0	-1
																0	1	0
																1	0	0
																1.4735	-2.113	0.4625
															}
														}
														{bone "j_eyelash_bot_ri_2"
															{Matrix34
																0	0	-1
																0	1	0
																1	0	0
																1.469	-2.0635	0.789
															}
														}
														{bone "j_eyelash_top_le_1"
															{Matrix34
																0	0	-1
																0	1	0
																1	0	0
																1.573	-2.0485	-0.839
															}
														}
														{bone "j_eyelash_top_le_2"
															{Matrix34
																0	0	-1
																0	1	0
																1	0	0
																1.589	-2.142	-0.5115
															}
														}
														{bone "j_eyelash_top_ri_1"
															{Matrix34
																0	0	-1
																0	1	0
																1	0	0
																1.57	-2.159	0.4815
															}
														}
														{bone "j_eyelash_top_ri_2"
															{Matrix34
																0	0	-1
																0	1	0
																1	0	0
																1.543	-2.075	0.804
															}
														}
														{bone "j_furrow_ri"
															{Matrix34
																0	0	-1
																0	1	0
																1	0	0
																1.7475	-2.4585	0.0965
															}
														}
														{bone "j_levator_le_2"
															{Matrix34
																0	0	-1
																0	1	0
																1	0	0
																0.845501	-2.2205	-0.3815
															}
														}
														{bone "j_levator_ri_2"
															{Matrix34
																0	0	-1
																0	1	0
																1	0	0
																0.864502	-2.235	0.376
															}
														}
														{bone "j_lip_bot"
															{Matrix34
																0	0	-1
																0	1	0
																1	0	0
																0.0714989	-2.3025	0.006
															}
														}
														{bone "j_lip_bot_le_1"
															{Matrix34
																0	0	-1
																0	1	0
																1	0	0
																0.0810013	-2.2885	-0.124
															}
														}
														{bone "j_lip_bot_le_2"
															{Matrix34
																0	0	-1
																0	1	0
																1	0	0
																0.0714989	-2.2035	-0.3315
															}
														}
														{bone "j_lip_bot_ri_1"
															{Matrix34
																0	0	-1
																0	1	0
																1	0	0
																0.0834999	-2.273	0.1365
															}
														}
														{bone "j_lip_bot_ri_2"
															{Matrix34
																0	0	-1
																0	1	0
																1	0	0
																0.0625	-2.2035	0.2775
															}
														}
														{bone "j_lip_top"
															{Matrix34
																0	0	-1
																0	1	0
																1	0	0
																0.0714989	-2.3145	-0.005
															}
														}
														{bone "j_lip_top_le_2"
															{Matrix34
																0	0	-1
																0	1	0
																1	0	0
																0.0864983	-2.2045	-0.324
															}
														}
														{bone "j_lip_top_ri_2"
															{Matrix34
																0	0	-1
																0	1	0
																1	0	0
																0.0789986	-2.2085	0.2565
															}
														}
														{bone "j_lowergum"
															{Matrix34
																0	0	-1
																0	1	0
																1	0	0
																-0.168001	-2.154	-0.076
															}
														}
														{bone "j_mouthcorner_le"
															{Matrix34
																0	0	-1
																0	1	0
																1	0	0
																0.0719986	-2.0875	-0.4455
															}
														}
														{bone "j_mouthcorner_ri"
															{Matrix34
																0	0	-1
																0	1	0
																1	0	0
																0.0859985	-2.012	0.4335
															}
														}
														{bone "j_nasolabial_le_3"
															{Matrix34
																0	0	-1
																0	1	0
																1	0	0
																-0.223	-1.9745	-0.764
															}
														}
														{bone "j_nasolabial_ri_3"
															{Matrix34
																0	0	-1
																0	1	0
																1	0	0
																-0.195997	-1.9805	0.6675
															}
														}
														{bone "j_periorbital_le_2"
															{Matrix34
																0	0	-1
																0	1	0
																1	0	0
																1.211	-2.0515	-0.7445
															}
														}
														{bone "j_periorbital_ri_2"
															{Matrix34
																0	0	-1
																0	1	0
																1	0	0
																1.1835	-2.074	0.694
															}
														}
														{bone "j_tongue_1"
															{Matrix34
																-0.138463	-0.990368	0
																0	0	-1
																0.990368	-0.138463	0
																0.0660019	-1.5675	-0.022
															}
															{bone "j_tongue_2"
																{Position 0.221411	0	-1.90735e-05}
																{bone "j_tongue_3"
																	{Position 0.220912	0	-4.95911e-05}
																}
															}
														}
														{bone "j_uppergum"
															{Matrix34
																0	0	-1
																0	1	0
																1	0	0
																0.397999	-2.24	-0.041
															}
														}
														{bone "j_jaw"
															{Matrix34
																0	0	-1
																0	1	0
																1	0	0
																0.0509987	-0.4235	0
															}
														}
														{bone "j_brow_le_3"
															{Matrix34
																0	0	-1
																0	1	0
																1	0	0
																1.5355	-2.1785	-1.217
															}
														}
														{bone "j_brow_ri_3"
															{Matrix34
																0	0	-1
																0	1	0
																1	0	0
																1.493	-2.281	0.945
															}
														}
														{bone "j_cheek_le_1"
															{Matrix34
																0	0	-1
																0	1	0
																1	0	0
																0.9175	-2.423	-0.6615
															}
														}
														{bone "j_cheek_le_2"
															{Matrix34
																0	0	-1
																0	1	0
																1	0	0
																0.842999	-2.1315	-1.2915
															}
														}
														{bone "j_cheek_ri_1"
															{Matrix34
																0	0	-1
																0	1	0
																1	0	0
																0.914501	-2.429	0.4835
															}
														}
														{bone "j_cheek_ri_2"
															{Matrix34
																0	0	-1
																0	1	0
																1	0	0
																0.839001	-2.1335	1.113
															}
														}
														{bone "j_eye_lid_top_le_1"
															{Matrix34
																0	0	-1
																0	1	0
																1	0	0
																1.5755	-2.457	-0.796
															}
														}
														{bone "j_eye_lid_top_ri_1"
															{Matrix34
																0	0	-1
																0	1	0
																1	0	0
																1.571	-2.4635	0.5475
															}
														}
														{bone "j_forehead"
															{Matrix34
																0	0	-1
																0	1	0
																1	0	0
																2.1115	-2.6635	-0.084
															}
														}
														{bone "j_forehead_le_1"
															{Matrix34
																0	0	-1
																0	1	0
																1	0	0
																2.125	-2.532	-0.811
															}
														}
														{bone "j_forehead_ri_1"
															{Matrix34
																0	0	-1
																0	1	0
																1	0	0
																2.124	-2.6275	0.478
															}
														}
														{bone "j_furrow_le"
															{Matrix34
																0	0	-1
																0	1	0
																1	0	0
																1.72	-2.6665	-0.186
															}
														}
														{bone "j_insidegum"
															{Matrix34
																0	0	-1
																0	1	0
																1	0	0
																-0.403	-2.6	-0.073
															}
														}
														{bone "j_insidegum_le_1"
															{Matrix34
																0	0	-1
																0	1	0
																1	0	0
																-0.181	-1.7225	-1.178
															}
														}
														{bone "j_insidegum_ri_1"
															{Matrix34
																0	0	-1
																0	1	0
																1	0	0
																-0.0329971	-1.846	1.0185
															}
														}
														{bone "j_levator_le_1"
															{Matrix34
																0	0	-1
																0	1	0
																1	0	0
																0.704498	-2.701	-0.45
															}
														}
														{bone "j_levator_ri_1"
															{Matrix34
																0	0	-1
																0	1	0
																1	0	0
																0.700001	-2.6945	0.2725
															}
														}
														{bone "j_lip_bot_le_3"
															{Matrix34
																0	0	-1
																0	1	0
																1	0	0
																0.074501	-2.386	-0.5555
															}
														}
														{bone "j_lip_bot_le_4"
															{Matrix34
																0	0	-1
																0	1	0
																1	0	0
																-0.0880013	-2.6605	-0.469
															}
														}
														{bone "j_lip_bot_ri_3"
															{Matrix34
																0	0	-1
																0	1	0
																1	0	0
																0.074501	-2.41	0.362
															}
														}
														{bone "j_lip_bot_ri_4"
															{Matrix34
																0	0	-1
																0	1	0
																1	0	0
																-0.0864983	-2.6575	0.3065
															}
														}
														{bone "j_lip_inside_le_1"
															{Matrix34
																0	0	-1
																0	1	0
																1	0	0
																-0.0939941	-2.551	-0.1995
															}
														}
														{bone "j_lip_inside_ri_1"
															{Matrix34
																0	0	-1
																0	1	0
																1	0	0
																-0.0919991	-2.5445	0.0485
															}
														}
														{bone "j_lip_top_le_1"
															{Matrix34
																0	0	-1
																0	1	0
																1	0	0
																0.105003	-2.664	-0.2295
															}
														}
														{bone "j_lip_top_le_3"
															{Matrix34
																0	0	-1
																0	1	0
																1	0	0
																0.0960007	-2.4265	-0.55
															}
														}
														{bone "j_lip_top_le_4"
															{Matrix34
																0	0	-1
																0	1	0
																1	0	0
																0.312	-2.681	-0.442
															}
														}
														{bone "j_lip_top_ri_1"
															{Matrix34
																0	0	-1
																0	1	0
																1	0	0
																0.0994987	-2.653	0.077
															}
														}
														{bone "j_lip_top_ri_3"
															{Matrix34
																0	0	-1
																0	1	0
																1	0	0
																0.0864983	-2.468	0.3545
															}
														}
														{bone "j_lip_top_ri_4"
															{Matrix34
																0	0	-1
																0	1	0
																1	0	0
																0.304001	-2.6825	0.261
															}
														}
														{bone "j_nasolabial_le_1"
															{Matrix34
																0	0	-1
																0	1	0
																1	0	0
																0.625	-2.4535	-0.634
															}
														}
														{bone "j_nasolabial_le_2"
															{Matrix34
																0	0	-1
																0	1	0
																1	0	0
																0.0610008	-2.376	-0.9535
															}
														}
														{bone "j_nasolabial_le_4"
															{Matrix34
																0	0	-1
																0	1	0
																1	0	0
																0.359001	-2.4345	-0.8505
															}
														}
														{bone "j_nasolabial_ri_1"
															{Matrix34
																0	0	-1
																0	1	0
																1	0	0
