;Exported by: User
;Date:        Fri Feb 08 17:39:50 2013
;File:        X:\documents\us_soldier_skinned\us_soldier_skined_2.max
{Skeleton
	{extension "/properties/animation/human/human_anm.ext"}
	{bone revolute "basis"
		{limits -30 30}
		{speed2 720}
		{Orientation
			1	0	0
			0	-1	0
			0	0	1
		}
		{bone "handle"}
		{bone "body"
			{parameters "ID=body;"}
			{Matrix34
				0	0	1
				0	-1	0
				1	0	0
				0	0.0344553	19.9224
			}
			{bone revolute "aim_knife_h"
				{limits -50 50}
				{speed2 80}
				{Matrix34		; standing
					0.127994	-0.657619	0.742398
					-0.048175	0.743549	0.666944
					0.990604	0.121129	-0.0634885
					7.61786	-0.828973	1.01826
				}
				{bone revolute "aim_knife_v"
					{limits -120 120}
					{speed2 50}
					{Matrix34
						1	0	0
						0	0	1
						0	-1	0
						0	0	0
					}
					{bone "aim_knife"
						{Matrix34
							1	0	0
							0	0	-1
							0	1	0
							0	2.3048	-2.15348
						}
					}
				}
			}	
			{bone revolute "aim_ref_h"
				{limits -45 50}
				{speed2 30}
				{Matrix34		; standing
					0.127994	-0.657619	0.742398
					-0.048175	0.743549	0.666944
					0.990604	0.121129	-0.0634885
					7.61786	-0.828973	1.01826
				}
				{## Matrix34    ; lying
					0.742398  -0.657619	-0.127994	
					0.666944  0.743549	0.048175	
					-0.0634885 0.121129	-0.990604	
					7.61786	-0.828973	1.01826
				}
				{bone revolute "aim_ref_v"
					{limits -70 70}
					{speed2 50}
					{Matrix34
						1	0	0
						0	0	1
						0	-1	0
						0	0	0
					}
					{bone "aim_ref"
						{Matrix34
							1	0	0
							0	0	-1
							0	1	0
							0	2.3048	-2.15348
						}
					}
				}
			}
			{bone "foot1l"
				{Matrix34
					-0.993535	-0.0202594	0.111706
					0.111669	0.00297451	0.993741
					0.0204649	-0.99979	0.000692932
					-0.143509	-2.13095	-0.488995
				}
				{bone "foot2l"
					{Matrix34
						0.952383	-0.304905	-0.000107979
						0.304904	0.952383	-4.07645e-005
						0.000115264	0	1
						9.37838	-0.0471728	0
					}
					{bone "foot3l"
						{Matrix34
							0.0905545	0.979616	0.179312
							0.00345656	-0.18036	0.983595
							0.995886	-0.0884492	-0.0197185
							9.2003	-0.346289	-0.0729971
						}
						{bone "bone07"
							{Position 2.60015	0	0}
							{bone "j_ball_le"
								{Orientation
									1	0	0
									0	0.0588839	0.998265
									0	0.998265	-0.0588837
								}
							}
						}
						{bone "j_ankle_le"
							{Orientation
								0.988939	0.00873393	0.148065
								-0.148323	0.0582327	0.987223
								0	0.998265	-0.058884
							}
						}
					}
					{bone "j_knee_le"
						{Matrix34
							0.998773	0.0480868	-0.0118027
							0.0480901	-0.998843	1.86423e-05
							0.0117882	0.000586134	0.99993
							0	0	0
						}
						{bone "j_kneedq_le"
							{Matrix34
								0.998226	-0.0595471	0
								0.0595468	0.998226	0
								0	0	1
								0.00894356	0.149896	0
							}
						}
					}
				}
				{bone "j_hip_le"
					{Matrix34
						0.999916	0.00595573	-0.0115028
						0.0059205	-0.999978	-0.00309829
						0.011521	-0.00303001	0.999929
						0.678116	-0.0926597	0.254135
					}
					{bone "j_hiptwist_le"
						{Position 0.500044	-1.44243e-05	0}
						{bone "j_hipholster_le"
							{Position 2.49972	-7.92742e-05	0}
						}
					}
					{bone "j_hip_proc_le"
						{Position 4.99994	-0.000151634	0}
					}
				}
			}
			{bone "foot1r"
				{Matrix34
					-0.993574	0.0113923	0.112614
					0.112602	-0.00168434	0.993639
					0.0115095	0.999934	0.000390725
					-0.143518	2.17103	-0.488755
				}
				{bone "foot2r"
					{Matrix34
						0.951794	-0.306737	-0.000104563
						0.306737	0.951794	-3.9472e-005
						0.000111623	0	1
						9.37832	-0.047231	0
					}
					{bone "foot3r"
						{Matrix34
							0.0880276	0.974738	0.205272
							0.00721294	0.205443	-0.978643
							-0.996092	0.0876278	0.0110539
							9.2003	-0.346288	-0.0729971
						}
						{bone "bone05"
							{Position 2.60015	0	0}
							{bone "j_ball_ri"
								{Matrix34
									1	0	0
									0	-0.0353923	-0.999373
									0	0.999374	-0.0353922
									0	0	0
								}
							}
						}
						{bone "j_ankle_ri"
							{Matrix34
								0.988939	-0.0116755	-0.147863
								-0.148323	-0.077848	-0.98587
								0	0.996897	-0.0787185
								0	0	0
							}
						}
					}
					{bone "j_knee_ri"
						{Matrix34
							0.999748	-0.0209709	-0.00800905
							-0.0209333	-0.999769	0.00477622
							-0.00810749	-0.00460719	-0.999957
							0	0	0
						}
						{bone "j_kneedq_ri"
							{Matrix34
								0.998226	-0.0595471	0
								0.0595469	0.998226	0
								0	0	1
								0.00894547	0.149896	0
							}
						}
					}
				}
				{bone "j_hip_ri"
					{Matrix34
						0.999785	0.00505999	-0.0201218
						0.00502597	-0.999986	-0.00173816
						-0.0201304	0.00163684	-0.999796
						0.676094	-0.092939	0.289078
					}
					{bone "j_hiptwist_ri"
						{Position 0.500044	-1.44243e-05	0}
						{bone "j_hipholster_ri"
							{Position 2.49972	-7.89165e-05	0}
							{bone "tag_stowed_thigh"
								{Matrix34
									0.997526	-0.0139024	0.0689122
									-0.0692733	-0.0274142	0.997221
									-0.0119747	-0.999528	-0.0283094
									4.02997	0.029271	-2.0745
								}
							}
						}
					}
					{bone "j_hip_proc_ri"
						{Position 4.82943	-0.000362873	0}
					}
				}
			}
			{bone revolute "ik_leftright"
				{limits -45 45}
				{speed2 720}
				{Matrix34
					0	0	1
					0	-1	0
					1	0	0
					1.90368	0.0344548	0
				}
				{bone "j_spinelower_lift"
					{Matrix34
						0	0	1
						-0.999971	-0.00760922	0
						0.00760922	-0.999971	0
						-0.504999	0	-0.959574
					}
					{bone "j_proc_spinelower"
						{bone "j_proc_spinelower2"
							{Position 1.5625	0	0}
							{bone "j_proc_spinelower3"
							}
						}
						{bone "j_groinprotector"
							{Matrix34
								1	0.000976996	0
								-0.000977003	1	0
								0	0	1
								0.2335	-3.25	0
							}
						}
						{bone "j_proc_spinelower_lift"
							{Position -1.2165	0	0}
							{bone "j_proc_spinelower_swivel"
								{bone "j_proc_spinelower_swivel_lift"
								}
							}
						}
					}
				}
				{bone "j_spinelower"
					{Matrix34
						0	0	1
						-0.999971	-0.00760922	0
						0.00760922	-0.999971	0
						-0.504998	0	-0.959574
					}
				}
				{bone planarsocket "ik_socket"
					{limits 65}
					{speed2 720}
					{Matrix34
					    0   1	0
						1	0	0
						0	0	1
	        
						0	0	0
					}
					{bone "compensate"
						{Matrix34
						    0   1	0
							1	0	0
							0	0	1
	        
							0	0   0
						}
						{bone "ik_updown" ;revolute "ik_updown"
							;{limits -40 20}
							;{limits 0 0}
							;{speed 0.1}
							{Matrix34
								1	0	0
								0	0	1
								0	-1	0
								0	0	1.66801
							}
							{bone "j_proc_stowed_chest"
								{Matrix34
									0	-1	-1.01918e-05
									-1	0	6.66065e-05
									-6.66061e-05	1.01918e-05	-1
									5.739	0.872406	-0.00038917
								}
							}
							{bone "j_cosmetic_bag_main"
								{Matrix34
									0.0960224	0.995379	0.000270844
									0.995364	-0.096022	0.00548017
									0.00548086	-0.000256629	-0.999985
									4.43102	1.5069	0.233705
								}
								{bone "j_cosmetic_bag_02"
									{Matrix34
										-0.953656	0.0224012	-0.300065
										0.24403	-0.525844	-0.814823
										-0.176041	-0.850286	0.496008
										-3.44986	-8.00273	-1.955
									}
									{bone "j_cosmetic_bag_03"
										{Matrix34
											0.902926	-0.422898	0.0766954
											0.373509	0.860368	0.346784
											-0.21264	-0.284473	0.934804
											1.57117	-0.24007	0.00258553
										}
										{bone "j_cosmetic_bag_04"
											{Matrix34
												0.999079	0.0406819	-0.0136695
												-0.0407227	0.999167	-0.00271273
												0.0135479	0.00326719	0.999903
												1.51953	-0.0147498	0.00897896
											}
										}
									}
								}
								{bone "j_cosmetic_bag_05"
									{Matrix34
										-0.947444	0.0443886	0.316827
										0.297205	-0.24439	0.923008
										0.1184	0.968661	0.218353
										-3.48811	-8.24819	2.0075
									}
									{bone "j_cosmetic_bag_06"
										{Matrix34
											0.94048	-0.339836	0.00309177
											0.337144	0.931807	-0.134424
											0.0428011	0.127465	0.990919
											1.53255	-0.21907	0.00786209
										}
										{bone "j_cosmetic_bag_07"
											{Matrix34
												0.999297	-0.0311951	-0.0207945
												0.0311751	0.999513	-0.00130085
												0.0208249	0.000651027	0.999783
												1.5609	0.0118213	0.00976729
											}
										}
									}
								}
							}
							{bone "tag_stowed_chest"
								{Matrix34
									0	-1	-1.01918e-05
									-1	0	6.667e-05
									-6.66694e-05	1.01918e-05	-1
									5.739	-4.3296	-0.000442188
								}
							}
							{bone "j_cosmetic_1"
								{Matrix34
									-0.274135	0.961691	2.81335e-05
									-0.961691	-0.274136	6.14238e-05
									6.67824e-05	-1.02173e-05	1
									2.5645	4.92091	-0.000135929
								}
							}
							{bone "j_cosmetic_2"
								{Matrix34
									-0.342025	0.939691	3.2425e-05
									-0.939691	-0.342026	5.92627e-05
									6.67782e-05	-1.02001e-05	1
									2.68084	4.92143	-2.45914
								}
							}
							{bone "j_spineupper"
								{Matrix34
									0	1	0
									-0.999971	0	0.00760922
									0.00760922	0	0.999971
									-0.505007	0.497408	1.98156e-05
								}
								{bone "j_proc_spineupper"
									{bone "j_proc_spineupperlift"
										{bone "j_cosmetic_grenade_pouch"
											{Matrix34
												1	0	0
												0	0.58684	0.809703
												0	-0.809703	0.58684
												-2.701	1.6745	3.3835
											}
										}
										{bone "j_cosmetic_tape_01_a"
											{Matrix34
												0.983922	-0.0291141	-0.176209
												-0.178192	-0.226513	-0.95757
												-0.0120351	0.973573	-0.228059
												-0.123503	1.966	3.345
											}
											{bone "j_cosmetic_tape_02_a"
												{Matrix34
													0.800806	0.596844	0.0498631
													-0.598413	0.800782	0.0254886
													-0.0247169	-0.0502501	0.998431
													-0.469778	-0.302521	0.0151849
												}
											}
										}
										{bone "j_cosmetic_tape_01_b"
											{Matrix34
												0.997598	-0.00388463	-0.0691558
												-0.068213	-0.228434	-0.971167
												-0.0120251	0.973552	-0.22815
												-0.217503	1.36	3.9385
											}
											{bone "j_cosmetic_tape_02_b"
												{Matrix34
													0.800806	0.596844	0.0498631
													-0.598413	0.800782	0.0254886
													-0.024717	-0.0502501	0.998431
													-0.469599	-0.302655	0.0149572
												}
											}
										}
										{bone "j_cosmetic_tape_01_c"
											{Matrix34
												0.99386	-0.0722555	0.0837916
												-0.105959	-0.403552	0.908801
												-0.0318514	-0.912099	-0.408731
												0.8165	-1.3955	-3.9115
											}
											{bone "j_cosmetic_tape_02_c"
												{Matrix34
													0.800806	0.596844	0.0498631
													-0.598413	0.800782	0.0254882
													-0.0247168	-0.0502503	0.998431
													-0.469528	-0.303139	0.0151193
												}
											}
										}
									}
									{bone "tag_stowed_chest2"
										{Matrix34
											-0.999997	0.00119783	0.00219679
											-0.00119774	0.541726	-0.840555
											-0.00219672	-0.840555	-0.541723
											-6.8915	-3.505	3.5
										}
									}
								}
								{bone "j_proc_dummy_spinelift"
									{Position 4.7845	-0.0120004	0}
								}
								{bone "j_dummy_slingcenteraim"
									{Matrix34
										-0.57394	-0.333231	0.748031
										-0.79047	0.464039	-0.399782
										-0.213896	-0.820747	-0.529739
										4.21499	-1.7255	0.9705
									}
									{bone "j_sling_pivot"
										{Matrix34
											0.946903	0.0421111	-0.318751
											-0.176721	0.896371	-0.406558
											0.268598	0.441301	0.856218
											2.65544	-0.261906	1.98246
										}
										{bone "j_sling_target"
											{Matrix34
												1	0	0
												0	0.539865	0.841752
												0	-0.841752	0.539865
												6.22004	-0.000123978	0.000143051
											}
										}
									}
								}
								{bone "j_dummy_sling_spine"
									{Matrix34
										-0.492658	-0.606378	0.624175
										-0.772714	-0.0250748	-0.634259
										0.400252	-0.794781	-0.456203
										2.0105	-1.251	3.943
									}
								}
								{bone "j_sling_spine"
									{Matrix34
										0.125726	-0.84263	-0.52361
										-0.464177	0.416496	-0.78171
										0.876774	0.341329	-0.338765
										2.0105	-1.251	3.943
									}
								}
							}
							{bone "j_spine4"
								{Matrix34
									0	1	0
									-0.99992	0	0.0126197
									0.0126197	0	0.99992
									-0.505011	2.76291	4.19618e-05
								}
								{bone "tag_inhand"
									{Matrix34
										0	-1	-6.09737e-05
										0	6.09783e-05	-1
										1	0	0
										-6.79	-6.875	0
									}
								}
								{bone "tag_shield_back"
									{Matrix34
										0.142644	0.989774	0
										0	0	1
										0.989774	-0.142644	0
										-0.179501	4.2265	0
									}
								}
								{bone "tag_weapon_chest"
								}
								{bone "j_chest"
								}
								{bone "j_proc_lift_clavicle_le"
									{Matrix34
										0.00940724	-0.0214063	-0.999727
										0.000186386	0.999771	-0.0214055
										0.999956	1.47866e-05	0.00940908
										2.519	-0.0120004	-1.0215
									}
									{bone "j_proc_rot_clavicle_le"
										{bone "j_proc_target_clavicle_le"
											{Orientation
												0.00940727	0.000186901	0.999956
												-0.0214062	0.999771	1.42746e-05
												-0.999727	-0.0214054	0.00940912
											}
										}
									}
								}
								{bone "j_proc_lift_clavicle_ri"
									{Matrix34
										0.00940729	-0.0214064	0.999727
										0.000186648	0.999771	0.0214056
										-0.999956	-1.45435e-05	0.00940913
										2.519	-0.0120004	1.0215
									}
									{bone "j_proc_rot_clavicle_ri"
										{bone "j_proc_target_clavicle_ri"
											{Orientation
												0.00940739	0.00018692	-0.999956
												-0.0214064	0.999771	-1.42935e-05
												0.999727	0.0214056	0.00940923
											}
										}
									}
								}
								{bone "j_proc_spinelift"
									{Position -1.3085	-0.00249982	0}
									{bone "j_proc_spine4"
										{Position 1.3085	0.00249982	0}
										{bone "tag_carry_attach"
											{Matrix34
												-1	0	0
												0	0	1
												0	1	0
												4.9525	-2.743	-3.2215
											}
										}
										{bone "j_proc_spine4_head"
										}
										{bone "link_head"
											{Position 0	0	0}
										}
									}
								}
								{bone "j_spine_head"
									{bone "j_neck_skin"
										{Matrix34
											0.957063	-0.28988	0
											0.28988	0.957063	0
											0	0	1
											4.4115	0	0
										}
									}
								}
							}
							{bone "gun_back_left"
								{Matrix34
									0.0320144	0.995277	0.0916506
									-0.273736	-0.0794605	0.958517
									0.961272	-0.0557738	0.269899
									-4.89434	-3.71263	-3.66974
								}
							}
							{bone "ammo_back_right"
								{Matrix34
									0.090495	0.993829	0.0641409
									-0.288642	0.0878144	-0.953402
									-0.953151	0.0677636	0.294808
									-3.89215	-1.63381	3.78877
								}
							}
							{bone "head"
								{Matrix34
									0.999952	0.00413685	-0.00886182
									-0.00885902	-0.000695586	-0.999961
									-0.00414285	0.999991	-0.000658989
									0	7.21458	0
								}
								{bone "j_neck"
									{Matrix34
										0.293837	0.000417521	0.955856
										-0.955848	-0.00380305	0.293835
										0.0037578	-0.999993	-0.000718342
										-0.505145	0.00442212	-0.0380745
									}
									{bone "j_head"
										{Matrix34
											0.957063	0.28988	0
											-0.28988	0.957063	0
											0	0	1
											1.55848	-0.000222206	0
										}
										{bone "j_head_skin"
											{bone "j_brow_le_1"
												{Matrix34
													0	0	-1
													0	1	0
													1	0	0
													1.78	-2.4225	-0.4435
												}
											}
											{bone "j_brow_le_2"
												{Matrix34
													0	0	-1
													0	1	0
													1	0	0
													1.8075	-2.25	-0.8465
												}
											}
											{bone "j_brow_ri_1"
												{Matrix34
													0	0	-1
													0	1	0
													1	0	0
													1.7585	-2.438	0.448
												}
											}
											{bone "j_brow_ri_2"
												{Matrix34
													0	0	-1
													0	1	0
													1	0	0
													1.7595	-2.2885	0.8515
												}
											}
											{bone "j_cheek_puff_le"
												{Matrix34
													0	0	-1
													0	1	0
													1	0	0
													0.232502	-1.649	-1.044
												}
											}
											{bone "j_cheek_puff_ri"
												{Matrix34
													0	0	-1
													0	1	0
													1	0	0
													0.217999	-1.6735	1.024
												}
											}
											{bone "j_chin"
												{Matrix34
													0	0	-1
													0	1	0
													1	0	0
													-0.473499	-2.315	-0.0535
												}
											}
											{bone "j_eye_lid_bot_le"
												{Matrix34
													0	0	-1
													0	1	0
													1	0	0
													1.451	-2.11	-0.6975
												}
											}
											{bone "j_eye_lid_bot_ri"
												{Matrix34
													0	0	-1
													0	1	0
													1	0	0
													1.428	-2.147	0.633
												}
											}
											{bone "j_eye_lid_top_le"
												{Matrix34
													0	0	-1
													0	1	0
													1	0	0
													1.614	-2.159	-0.709
												}
											}
											{bone "j_eye_lid_top_ri"
												{Matrix34
													0	0	-1
													0	1	0
													1	0	0
													1.5855	-2.188	0.672
												}
											}
											{bone "j_eyeball_le"
												{Matrix34
													0	0	-1
													0	1	0
													1	0	0
													1.581	-1.945	-0.579
												}
											}
											{bone "j_eyeball_ri"
												{Matrix34
													0	0	-1
													0	1	0
													1	0	0
													1.553	-1.9625	0.6845
												}
											}
											{bone "j_eyelash_bot_le_1"
												{Matrix34
													0	0	-1
													0	1	0
													1	0	0
													1.485	-2.033	-0.8385
												}
											}
											{bone "j_eyelash_bot_le_2"
												{Matrix34
													0	0	-1
													0	1	0
													1	0	0
													1.4685	-2.1185	-0.544
												}
											}
											{bone "j_eyelash_bot_ri_1"
												{Matrix34
													0	0	-1
													0	1	0
													1	0	0
													1.4735	-2.113	0.4625
												}
											}
											{bone "j_eyelash_bot_ri_2"
												{Matrix34
													0	0	-1
													0	1	0
													1	0	0
													1.469	-2.0635	0.789
												}
											}
											{bone "j_eyelash_top_le_1"
												{Matrix34
													0	0	-1
													0	1	0
													1	0	0
													1.573	-2.0485	-0.839
												}
											}
											{bone "j_eyelash_top_le_2"
												{Matrix34
													0	0	-1
													0	1	0
													1	0	0
													1.589	-2.142	-0.5115
												}
											}
											{bone "j_eyelash_top_ri_1"
												{Matrix34
													0	0	-1
													0	1	0
													1	0	0
													1.57	-2.159	0.4815
												}
											}
											{bone "j_eyelash_top_ri_2"
												{Matrix34
													0	0	-1
													0	1	0
													1	0	0
													1.543	-2.075	0.804
												}
											}
											{bone "j_furrow_ri"
												{Matrix34
													0	0	-1
													0	1	0
													1	0	0
													1.7475	-2.4585	0.0965
												}
											}
											{bone "j_levator_le_2"
												{Matrix34
													0	0	-1
													0	1	0
													1	0	0
													0.845501	-2.2205	-0.3815
												}
											}
											{bone "j_levator_ri_2"
												{Matrix34
													0	0	-1
													0	1	0
													1	0	0
													0.864502	-2.235	0.376
												}
											}
											{bone "j_lip_bot"
												{Matrix34
													0	0	-1
													0	1	0
													1	0	0
													0.0714989	-2.3025	0.006
												}
											}
											{bone "j_lip_bot_le_1"
												{Matrix34
													0	0	-1
													0	1	0
													1	0	0
													0.0810013	-2.2885	-0.124
												}
											}
											{bone "j_lip_bot_le_2"
												{Matrix34
													0	0	-1
													0	1	0
													1	0	0
													0.0714989	-2.2035	-0.3315
												}
											}
											{bone "j_lip_bot_ri_1"
												{Matrix34
													0	0	-1
													0	1	0
													1	0	0
													0.0834999	-2.273	0.1365
												}
											}
											{bone "j_lip_bot_ri_2"
												{Matrix34
													0	0	-1
													0	1	0
													1	0	0
													0.0625	-2.2035	0.2775
												}
											}
											{bone "j_lip_top"
												{Matrix34
													0	0	-1
													0	1	0
													1	0	0
													0.0714989	-2.3145	-0.005
												}
											}
											{bone "j_lip_top_le_2"
												{Matrix34
													0	0	-1
													0	1	0
													1	0	0
													0.0864983	-2.2045	-0.324
												}
											}
											{bone "j_lip_top_ri_2"
												{Matrix34
													0	0	-1
													0	1	0
													1	0	0
													0.0789986	-2.2085	0.2565
												}
											}
											{bone "j_lowergum"
												{Matrix34
													0	0	-1
													0	1	0
													1	0	0
													-0.168001	-2.154	-0.076
												}
											}
											{bone "j_mouthcorner_le"
												{Matrix34
													0	0	-1
													0	1	0
													1	0	0
													0.0719986	-2.0875	-0.4455
												}
											}
											{bone "j_mouthcorner_ri"
												{Matrix34
													0	0	-1
													0	1	0
													1	0	0
													0.0859985	-2.012	0.4335
												}
											}
											{bone "j_nasolabial_le_3"
												{Matrix34
													0	0	-1
													0	1	0
													1	0	0
													-0.223	-1.9745	-0.764
												}
											}
											{bone "j_nasolabial_ri_3"
												{Matrix34
													0	0	-1
													0	1	0
													1	0	0
													-0.195997	-1.9805	0.6675
												}
											}
											{bone "j_periorbital_le_2"
												{Matrix34
													0	0	-1
													0	1	0
													1	0	0
													1.211	-2.0515	-0.7445
												}
											}
											{bone "j_periorbital_ri_2"
												{Matrix34
													0	0	-1
													0	1	0
													1	0	0
													1.1835	-2.074	0.694
												}
											}
											{bone "j_tongue_1"
												{Matrix34
													-0.138463	-0.990368	0
													0	0	-1
													0.990368	-0.138463	0
													0.0660019	-1.5675	-0.022
												}
											}
											{bone "j_uppergum"
												{Matrix34
													0	0	-1
													0	1	0
													1	0	0
													0.397999	-2.24	-0.041
												}
											}
											{bone "j_jaw"
												{Matrix34
													0	0	-1
													0	1	0
													1	0	0
													0.0509987	-0.4235	0
												}
											}
										}
									}
								}
								{bone "visor"
									{Matrix34
										1	0	0
										0	1	0
										0	0	1
										2.31916	0	2.33291
									}
								}
								{bone "helmet_link"
									{Matrix34
										0.00885573	0.999961	0.000665073
										-0.998741	0.00887772	-0.0493832
										-0.049387	-0.000226962	0.99878
										0.429208	-0.00263457	2.93856
									}
									{bone "j_helmet"
										{Matrix34
											0	-0.053523	0.998567
											-0.012613	0.998487	0.053518
											-0.999921	-0.0125948	-0.000675972
											0.00249756	0.339536	2.44821
										}
									}
									{bone "helmet"
										{Position 0	0	1.52588e-005}
										{VolumeView "dummy.ply"}
									}
								}
								{bone "head_skin"
									{Matrix34
										0.00885564	0.999961	0.000665237
										-0.999953	0.00885293	0.00403985
										0.00403393	-0.000700913	0.999992
										0.580826	-0.00833535	2.44038
									}
									{VolumeView "dummy.ply"}
								}
							}
							{bone "gun_back"
								{Matrix34
									0.00647818	0.996053	0.0885296
									-0.106389	0.0887154	-0.990359
									-0.994303	-0.00300282	0.106544
									-4.16774	-4.2536	2.42593
								}
							}
							{bone "gun_back_left"
								{parameters "Voxels=0;"}
								{Matrix34
									-0.00689735	-0.985384	0.170206
									-0.182946	0.16858	0.968562
									-0.983099	-0.0244579	-0.181434
									-3.94325	6.10055	-3.76894
								}
							}
							{bone "loadout"
								{VolumeView "dummy.ply"}
							}
							{bone "clavicle_right"
								{Position -0.13918	6.12487	1.17253}
								{bone "j_clavicle_ri"
									{Matrix34
										0.029013	0.00939844	0.999535
										-0.999579	0.000184822	0.0290125
										8.77695e-05	-0.999956	0.00939985
										-0.347446	-0.84347	-0.201084
									}
									{bone "j_gun_adjust"
										{Matrix34
											0.0214215	-0.999767	-0.00250386
											-0.999698	-0.0213898	-0.0120683
											0.012012	0.0027619	-0.999924
											2.89231	-1.55568e-05	-0.000116348
										}
										{bone "j_gun"
										}
										{bone "tag_weapon_right"
										}
										{bone "tag_weapon_left"
										}
									}
									{bone "j_teres_ri"
										{Position 2.99989	0.000295699	2}
									}
								}
								{bone "hand1r"
									{Matrix34
										0.0313525	-0.248123	0.968221
										0.972798	0.230023	0.0274467
										-0.229523	0.941023	0.248586
										0.0503405	-0.225973	2.95336
									}
									{bone "j_shoulder_ri"
										{Matrix34
											1	0	0
											0	-0.974995	0.222225
											0	-0.222225	-0.974995
											0	0	0
										}
										{bone "j_shouldertwist_ri"
											{Matrix34
												0.966108	0.0604157	0.25097
												-0.058475	0.998173	-0.0151903
												-0.251429	0	0.967876
												0.250114	6.6936e-05	2.86102e-05
											}
											{bone "tag_reflector_arm_ri"
												{Position -0.0115433	0.0550246	-1.24858}
											}
										}
										{bone "j_proc_shoulder_ri"
											{Matrix34
												0.978516	0.175365	-0.108414
												-0.174298	0.984504	0.0193112
												0.11012	0	0.993918
												2.8823	0.000361517	0.00019455
											}
										}
									}
									{bone "hand2r"
										{Matrix34
											0.460797	0.887505	0
											-0.887505	0.460797	0
											0	0	1
											6.26813	0	0
										}
										{bone "j_elbow_ri"
											{Matrix34
												1	0	0
												0	-0.987633	0.156781
												0	-0.156781	-0.987633
												0	0	0
											}
											{bone "j_elbowdq_ri"
												{Matrix34
													0.917176	0.398483	0
													-0.398483	0.917176	0
													0	0	1
													0.059835	-0.137598	0.000411987
												}
											}
											{bone "j_wristfronttwist1_ri"
												{Position 5.30003	-0.0001688	0.000314713}
											}
										}
										{bone "hand3r"
											{Matrix34
												0.982611	-0.185677	0
												0.185676	0.982611	0
												0	0	1
												5.19218	0	0
											}
										}
										{bone "right_hand"
											{Matrix34
												0.968615	-0.225093	0.105442
												0.191903	0.946804	0.258333
												-0.157981	-0.22999	0.960285
												6.33402	0.913942	-0.654928
											}
										}
										{bone "hand_rot1r"
											{Matrix34
												0.0033359	-0.999958	0.00855789
												-0.999992	-0.00331794	0.00210731
												-0.00207872	-0.00856498	-0.999961
												5.19224	0	0
											}
											{bone "j_wrist_ri"
												{Matrix34
													0.292989	-0.955035	-0.0454507
													0.944541	0.296489	-0.141196
													0.148322	-0.0015609	0.988938
													0.0505981	-0.0450172	-0.00732994
												}
												{bone "tag_accessory_right"
												}
												{bone "tag_ik_wrist_loc_ri"
												}
												{bone "j_metamid_ri_1"
													{Matrix34
														0.978091	-0.17517	-0.112488
														0.0634269	-0.263907	0.962461
														-0.198279	-0.948509	-0.247015
														0.320393	-0.099843	-0.0301514
													}
												}
												{bone "j_thumb_ri_1"
													{Matrix34
														0.572401	-0.688366	0.445544
														0.816178	0.530525	-0.228902
														-0.0788043	0.494667	0.865502
														0.315283	-0.345289	0.114824
													}
													{bone "j_thumb_ri_2"
														{Matrix34
															0.821078	0.494016	0.285969
															-0.559294	0.796414	0.230034
															-0.11411	-0.348816	0.930218
															1.04972	0.000238419	0.000204086
														}
														{bone "j_thumb_ri_3"
															{Matrix34
																0.933367	0.358924	0
																-0.358924	0.933367	0
																0	0	1
																0.644678	-0.000131607	8.39233e-05
															}
														}
													}
												}
												{bone "j_metaindex_ri_1"
													{Matrix34
														0.955703	-0.209292	-0.206952
														0.121566	-0.359668	0.925127
														-0.268055	-0.909305	-0.318293
														0.305155	-0.469768	-0.0351429
													}
												}
												{bone "j_metapinky_ri_1"
													{Matrix34
														0.995149	-0.0973771	-0.0140419
														-0.002506	-0.167769	0.985823
														-0.0983515	-0.981005	-0.167199
														0.300361	0.539552	0.170034
													}
												}
												{bone "j_metaring_ri_1"
													{Matrix34
														0.992775	-0.10091	-0.0649271
														0.0453729	-0.185223	0.981648
														-0.111083	-0.977502	-0.179306
														0.305296	0.199816	0.00463295
													}
												}
												{bone "j_proc_wristup_ri"
													{Position 0.000324249	-0.000144482	-0.0499401}
												}
												{bone "j_proc_wrist_ri"
													{Position 9.05991e-05	-0.000122547	0.049881}
												}
											}
											{bone "palm1r"
												{Matrix34
													-0.963565	-0.249482	-0.0964404
													-0.0459579	-0.20077	0.97856
													-0.263495	0.947338	0.18199
													0.0853539	-0.39772	0.0915852
												}
												{bone "palm2r"
													{Matrix34
														-0.0995082	0.56158	-0.821416
														-0.059363	0.820694	0.568276
														0.993265	0.105308	-0.0483285
														0.146144	0.242285	-1.25751
													}
													{bone "palm3r"
														{Matrix34
															0.304925	0.952377	0
															-0.952377	0.304923	0
															0	0	1
															0.581881	-0.000116348	0
														}
													}
												}
												{bone "righthandindex1"
													{parameters "LastPose = undefined;"}
													{Matrix34
														0.0873371	0.344891	-0.934571
														-0.170083	-0.919218	-0.35512
														-0.981552	0.189971	-0.0216224
														0.736826	-0.0176983	-1.47122
													}
													{bone "righthandindex2"
														{Matrix34
															0.965228	-0.261408	0
															0.261408	0.965228	0
															0	0	1
															0.858058	0	0
														}
														{bone "righthandindex3"
															{Matrix34
																0.965231	-0.261399	0
																0.261399	0.965231	0
																0	0	1
																0.642819	0	0
															}
															{bone "righthandindex4"
																{Matrix34
																	1	0	0
																	0	1	0
																	0	0	1
																	0.479883	0	0
																}
															}
															{bone "j_index_ri_3"
																{Matrix34
																	1	0	0
																	0	-0.995574	0.0939773
																	0	-0.093978	-0.995574
																	0	0	0
																}
															}
														}
														{bone "r_index3"
															{parameters "LastPose = undefined;"}
															{Matrix34
																0.891055	-0.453895	0
																0.453894	0.891056	0
																0	0	1
																0.642817	0.555471	0
															}
														}
														{bone "j_index_ri_2"
															{Matrix34
																1	0	0
																0	-0.997125	0.0757791
																0	-0.0757803	-0.997125
																0	0	0
															}
														}
													}
													{bone "r_index2"
														{parameters "LastPose = undefined;"}
														{Matrix34
															0.891053	-0.453899	0
															0.453899	0.891053	0
															0	0	1
															0.858056	0.582945	0
														}
													}
													{bone "j_index_ri_1"
														{Matrix34
															1	0	0
															0	-0.999971	0.00757262
															0	-0.00757378	-0.999971
															0	0	0
														}
													}
												}
												{bone "r_index1"
													{Matrix34
														0.891053	-0.453899	0
														0.453899	0.891053	0
														0	0	1
														0	0.585602	0
													}
												}
												{bone "righthandmiddle1"
													{parameters "LastPose = undefined;"}
													{Matrix34
														0.134602	0.43556	-0.890039
														-0.173482	-0.873982	-0.453939
														-0.975596	0.215507	-0.042078
														0.279719	0.0875149	-1.50613
													}
													{bone "righthandmiddle2"
														{Matrix34
															0.937965	-0.346731	0
															0.346732	0.937964	0
															0	0	1
															0.991686	0	0
														}
														{bone "righthandmiddle3"
															{Matrix34
																0.937968	-0.346722	-1.61529e-005
																0.346722	0.937968	-1.29938e-005
																1.95503e-005	0	1
																0.741716	0	0
															}
															{bone "righthandmiddle4"
																{Matrix34
																	1	0	0
																	0	1	-3.65451e-05
																	-1.02222e-05	3.90038e-05	1
																	0.560162	0	1.04904e-05
																}
															}
															{bone "j_mid_ri_3"
																{Matrix34
																	1	0	0
																	0	-0.998784	0.0492939
																	0	-0.0492944	-0.998784
																	0	0	0
																}
															}
														}
														{bone "r_middle3"
															{parameters "LastPose = undefined;"}
															{Matrix34
																0.891058	-0.45389	0
																0.453891	0.891058	0
																0	0	1
																0.741711	0.453117	0
															}
														}
														{bone "j_mid_ri_2"
															{Matrix34
																1	0	0
																0	-0.98603	0.166568
																0	-0.166568	-0.98603
																0	0	0
															}
														}
													}
													{bone "r_middle2"
														{parameters "LastPose = undefined;"}
														{Matrix34
															0.891054	-0.453898	0
															0.453898	0.891054	0
															0	0	1
															0.991685	0.507704	0
														}
													}
													{bone "j_mid_ri_1"
														{Matrix34
															1	0	0
															0	-0.973828	0.227286
															0	-0.227287	-0.973828
															0	0	0
														}
													}
												}
												{bone "r_middle1"
													{parameters "LastPose = undefined;"}
													{Matrix34
														0.891052	-0.453902	0
														0.453902	0.891052	0
														0	0	1
														0	0.555182	0
													}
												}
												{bone "righthandring1"
													{parameters "LastPose = undefined;"}
													{Matrix34
														0.195231	0.514795	-0.834788
														-0.210662	-0.809288	-0.548338
														-0.957866	0.282911	-0.0495501
														-0.181877	0.189146	-1.52485
													}
													{bone "righthandring2"
														{parameters "LastPose = undefined;"}
														{Matrix34
															0.85787	-0.513866	0
															0.513867	0.85787	0
															0	0	1
															0.858055	0	0
														}
														{bone "righthandring3"
															{Matrix34
																0.857844	-0.513909	3.81768e-005
																0.51391	0.857845	-5.83902e-005
																0	7.05123e-005	1
																0.642822	0	0
															}
															{bone "j_ring_ri_3"
																{Matrix34
																	1	0	0
																	0	-0.998935	0.0461319
																	0	-0.0461327	-0.998935
																	0	0	0
																}
															}
														}
														{bone "r_ring3"
															{parameters "LastPose = undefined;"}
															{Matrix34
																0.891056	-0.453893	0
																0.453893	0.891056	0
																0	0	1
																0.642817	0.461632	0
															}
														}
														{bone "j_ring_ri_2"
															{Matrix34
																1	0	0
																0	-0.979901	0.199483
																0	-0.199484	-0.979902
																0	0	0
															}
														}
													}
													{bone "r_ring2"
														{parameters "LastPose = undefined;"}
														{Matrix34
															0.891054	-0.453897	0
															0.453899	0.891054	0
															0	0	1
															0.858056	0.518654	0
														}
													}
													{bone "j_ring_ri_1"
														{Matrix34
															1	0	0
															0	-0.954525	0.29813
															0	-0.298132	-0.954525
															0	0	0
														}
													}
												}
												{bone "r_ring1"
													{parameters "LastPose = undefined;"}
													{Matrix34
														0.891054	-0.453897	0
														0.453898	0.891054	0
														0	0	1
														0	0.560667	0
													}
												}
												{bone "righthandpinky1"
													{parameters "LastPose = undefined;"}
													{Matrix34
														0.148625	0.52556	-0.837673
														-0.265146	-0.794887	-0.545759
														-0.952685	0.303219	0.0212098
														-0.611534	0.282129	-1.53645
													}
													{bone "righthandpinky2"
														{Matrix34
															0.810773	-0.585361	1.17719e-005
															0.58536	0.810773	0
															-1.41412e-005	0	1
															0.716185	0	0
														}
														{bone "righthandpinky3"
															{Matrix34
																0.721529	-0.692384	3.32296e-005
																0.692385	0.721529	-3.59416e-005
																0	4.93824e-005	1
																0.535685	0	0
															}
															{bone "righthandpinky4"
																{Matrix34
																	1	0	0
																	0	1	0
																	0	0	1
																	0.396511	0	0
																}
															}
															{bone "j_pinky_ri_3"
																{Matrix34
																	1	0	0
																	0	-0.92079	0.390058
																	0	-0.390059	-0.92079
																	0	0	0
																}
															}
														}
														{bone "r_pinky3"
															{parameters "LastPose = undefined;"}
															{Matrix34
																0.891057	-0.453892	0
																0.453892	0.891057	0
																0	0	1
																0.535679	0.465424	0
															}
														}
														{bone "j_pinky_ri_2"
															{Matrix34
																1	0	0
																0	-0.917291	0.398217
																0	-0.398218	-0.917292
																0	0	0
															}
														}
													}
													{bone "r_pinky2"
														{parameters "LastPose = undefined;"}
														{Matrix34
															0.891054	-0.453897	0
															0.453898	0.891054	0
															0	0	1
															0.716186	0.434147	0
														}
													}
													{bone "j_pinky_ri_1"
														{Matrix34
															1	0	0
															0	-0.927874	0.372892
															0	-0.372893	-0.927875
