;Exported by: Xpycmb
;Date:        Tue Oct 11 23:30:14 2022
;File:        C:\Users\Xpycmb\Documents\3ds Max 2020\scenes\skirmisher_base_rebuild2.max
{Skeleton
	{animation
		{sequence "load" {resume}}
		{sequence "shot_small01" {resume}}
		{sequence "shot_small02" {resume}}
		{sequence "shot_small03" {resume}}
		{sequence "shot_small04" {resume}}
		{sequence "shot_small05" {resume}}
		{sequence "reload" {resume}}
		{sequence "cooler" {resume}}
		{sequence "stage1" {speed 0.1} {resume}}
		{sequence "stage2" {speed 0.1} {resume}}
	}
	{bone "basis"
		{Orientation
			1	0	0
			0	-1	0
			0	0	1
		}
		{bone "recevier"
			{parameters "ID=Gun;"}
			{Matrix34
				0.999961	0.00426219	0.00776864
				-0.00421678	0.999971	-0.00641454
				-0.00779275	0.00637792	0.999949
				-0.355108	-0.0461972	-0.264904
			}
			{VolumeView "recevier.ply"}
			{bone "j_recoil"
				{Matrix34
					1	-0.000309323	0.000887683
					-0.000310216	0.782228	0.622989
					-0.000887091	-0.622994	0.782229
					-0.175022	-0.322458	1.40641
				}
				{bone "recoil"
					{parameters "ID=Gun;"}
					{Matrix34
						1	-0.000310574	-0.000886239
						-0.000308602	0.782228	-0.622994
						0.000887192	0.622989	0.782229
						0.0763727	-0.0942751	0.262358
					}
					{VolumeView "recoil.ply"}
				}
				{bone "shell_drop"
					{parameters "ID=ammo;"}
					{Matrix34
						-0.0050812	-0.841342	0.540481
						0.00964803	-0.540495	-0.841291
						0.999941	0.000938575	0.0108569
						0.653985	0.166268	-0.726131
					}
					{VolumeView "shell_drop.ply"}
				}
			}
			{bone "heater"
				{parameters "ID=Barrel;"}
				{Matrix34
					0.999891	-0.00387388	-0.014256
					0.00407332	0.999889	0.0142925
					0.0142018	-0.0143536	0.999796
					4.23342	-0.00467361	0.802459
				}
				{VolumeView "heater.ply"}
			}
			{bone "cooler"
				{parameters "ID=heater;"}
				{Matrix34
					0.00406995	0.99989	0.0142905
					-0.999891	0.00387486	0.0142543
					0.0142035	-0.0143544	0.999796
					-1.87637	0.137752	1.169
				}
				{VolumeView "cooler.ply"}
				{bone "j_fan_01"
					{Matrix34
						1	0	0
						0	1	0
						0	0	1
						-0.00809275	0.622064	0.723318
					}
					{bone "fan_01"
						{parameters "ID=heater;"}
						{Matrix34
							0	0	1
							0	1	0
							-1	0	0
							0	0	-0.0248097
						}
						{VolumeView "fan_01.ply"}
					}
				}
				{bone "j_fan_02"
					{Matrix34
						1	0	0
						0	1	0
						0	0	1
						-0.00809353	0.182587	0.698513
					}
					{bone "fan_02"
						{parameters "ID=heater;"}
						{Matrix34
							0	0	1
							0	1	0
							-1	0	0
							0	0	0
						}
						{VolumeView "fan_02.ply"}
					}
				}
				{bone "j_fan_03"
					{Matrix34
						1	0	0
						0	1	0
						0	0	1
						-0.00809491	-0.256891	0.698514
					}
					{bone "fan_03"
						{parameters "ID=heater;"}
						{Matrix34
							0	0	1
							0	1	0
							-1	0	0
							0	0	0
						}
						{VolumeView "fan_03.ply"}
					}
				}
			}
			{bone "j_spring"
				{Matrix34
					0.00407259	0.999889	0.0142924
					-0.999891	0.00387321	0.0142559
					0.0142018	-0.0143525	0.999796
					-2.12396	0.250934	0.9635
				}
			}
			{bone "j_piston"
				{Matrix34
					0.00407259	0.999889	0.0142924
					-0.999891	0.00387321	0.0142559
					0.0142018	-0.0143525	0.999796
					-1.83985	0.249833	0.95945
				}
				{bone "piston"
					{Matrix34
						1	0	0
						0	0.014172	0.9999
						0	-0.9999	0.0141716
						0	0.511543	0
					}
				}
			}
			{bone "spring"
				{Matrix34
					0.0040726	0.999889	0.0142924
					0.0142018	-0.0143524	0.999796
					0.999891	-0.00387321	-0.0142559
					-2.11792	0.250812	0.969756
				}
			}
			{bone "wire"
				{parameters "ID=heater;"}
				{Matrix34
					0.00407259	0.999889	0.0142924
					-0.999891	0.00387321	0.0142559
					0.0142018	-0.0143525	0.999796
					2.028	0.303601	1.27516
				}
				{VolumeView "wire.ply"}
			}
			{bone "j_drum"
				{Matrix34
					-0.999891	0.00387207	0.0142518
					-0.00407435	-0.999889	-0.0142927
					0.0142031	-0.0143505	0.999796
					-0.842304	0.611507	0.790985
				}
				{bone "drum"
					{parameters "ID=ammo;"}
					{Matrix34
						-0.999891	-0.00407407	0.014203
						0.00387188	-0.999889	-0.0143506
						0.0142515	-0.0142927	0.999796
						0.349635	-8.86917e-05	0.000309587
					}
					{VolumeView "drum.ply"}
					{bone "j_bullet05"
						{Matrix34
							0.0040722	0.99989	0.0142924
							-0.999891	0.00387286	0.0142556
							0.0142017	-0.0143524	0.999796
							0.229099	-0.270414	0.156432
						}
						{bone "bullet05"
							{parameters "ID=ammo;"}
							{Matrix34
								0.00407135	-0.999891	0.0142018
								0.99989	0.00387197	-0.0143524
								0.0142928	0.0142557	0.999796
								-0.000522316	-0.000294447	-0.00182164
							}
							{VolumeView "bullet05.ply"}
						}
					}
					{bone "j_bullet04"
						{Matrix34
							0.0040722	0.99989	0.0142924
							-0.999891	0.00387286	0.0142556
							0.0142017	-0.0143524	0.999796
							0.229095	-0.278046	-0.163168
						}
						{bone "bullet04"
							{parameters "ID=ammo;"}
							{Matrix34
								0.00407135	-0.999891	0.0142018
								0.99989	0.00387197	-0.0143524
								0.0142928	0.0142557	0.999796
								-0.000522256	-0.000297546	-0.00181931
							}
							{VolumeView "bullet04.ply"}
						}
					}
					{bone "j_bullet03"
						{Matrix34
							0.0040722	0.99989	0.0142924
							-0.999891	0.00387286	0.0142556
							0.0142017	-0.0143524	0.999796
							0.229095	-0.00428236	-0.324472
						}
						{bone "bullet03"
							{parameters "ID=ammo;"}
							{Matrix34
								0.00407135	-0.999891	0.0142018
								0.99989	0.00387197	-0.0143524
								0.0142928	0.0142557	0.999796
								-0.000522733	-0.00029707	-0.00181879
							}
							{VolumeView "bullet03.ply"}
						}
					}
					{bone "j_bullet02"
						{Matrix34
							0.0040722	0.99989	0.0142924
							-0.999891	0.00387286	0.0142556
							0.0142017	-0.0143524	0.999796
							0.229094	0.283336	-0.169045
						}
						{bone "bullet02"
							{parameters "ID=ammo;"}
							{Matrix34
								0.00407135	-0.999891	0.0142018
								0.99989	0.00387197	-0.0143524
								0.0142928	0.0142557	0.999796
								-0.000522316	-0.000298142	-0.00182161
							}
							{VolumeView "bullet02.ply"}
						}
					}
					{bone "j_bullet01"
						{Matrix34
							0.0040722	0.99989	0.0142924
							-0.999891	0.00387286	0.0142556
							0.0142017	-0.0143524	0.999796
							0.229115	0.280691	0.154386
						}
						{bone "bullet01"
							{parameters "ID=ammo;"}
							{Matrix34
								0.00407135	-0.999891	0.0142018
								0.99989	0.00387197	-0.0143524
								0.0142928	0.0142557	0.999796
								-0.000522375	-0.000294328	-0.00182211
							}
							{VolumeView "bullet01.ply"}
						}
					}
					{bone "j_bullet00"
						{Matrix34
							0.0040722	0.99989	0.0142924
							-0.999891	0.00387286	0.0142556
							0.0142017	-0.0143524	0.999796
							0.2291	0.00967151	0.320742
						}
						{bone "bullet00"
							{parameters "ID=ammo;"}
							{Matrix34
								0.00407135	-0.999891	0.0142018
								0.99989	0.00387197	-0.0143524
								0.0142928	0.0142557	0.999796
								-0.000519812	-0.000294924	-0.00181985
							}
							{VolumeView "bullet00.ply"}
						}
					}
				}
			}
		}
		{bone "foresight3"
			{Matrix34
				0.999959	0.00850282	-0.00296926
				-0.00850282	0.999964	1.28752e-05
				0.00296928	1.23721e-05	0.999996
				4.89069	-0.0228428	0.55849
			}
		}
		{bone "j_magazine"
			{Matrix34
				0.99985	0.0128096	0.0116662
				-0.0118422	0.0139389	0.999833
				0.0126396	-0.999821	0.0140859
				-3.19663	1.54559	-0.415731
			}
			{bone "magazine"
				{parameters "ID=magazine;"}
				{Matrix34
					0.999956	-0.00401502	0.00848713
					0.00851835	0.00757493	-0.999935
					0.00395576	0.999963	0.00760988
					0.501388	-0.0178029	0.261959
				}
				{VolumeView "magazine.ply"}
				{bone "belt"
					{parameters "ID=Gun;"}
					{Matrix34
						1	0	0
						0	1	0
						0	0	1
						0.00512242	-0.142729	0.776912
					}
					{VolumeView "belt.ply"}
				}
				{bone "ammo_r01"
					{Matrix34
						0.00743341	-0.995367	0.095862
						-0.00468141	0.0958229	0.995387
						-0.999961	-0.00783896	-0.00395336
						-0.0277166	-0.449138	1.08532
					}
				}
				{bone "ammo_r02"
					{Matrix34
						0.00743341	-0.995367	0.095862
						-0.00468141	0.0958229	0.995387
						-0.999961	-0.00783896	-0.00395336
						-0.0277188	-0.190067	0.786206
					}
				}
				{bone "ammo_r03"
					{Matrix34
						0.00743341	-0.995367	0.095862
						-0.00468141	0.0958229	0.995387
						-0.999961	-0.00783896	-0.00395336
						-0.02772	0.0634427	0.500265
					}
				}
				{bone "ammo_r04"
					{Matrix34
						0.00743341	-0.995367	0.095862
						-0.00468141	0.0958229	0.995387
						-0.999961	-0.00783896	-0.00395336
						-0.0296428	0.407207	0.303974
					}
				}
			}
		}
		{bone "j_charge"
			{Matrix34
				0.999858	0.0121349	0.0116683
				-0.011848	0.0150706	0.999816
				0.0119517	-0.999813	0.0152096
				-3.05073	0.850906	0.66921
			}
			{bone "armed"
				{parameters "ID=Gun;"}
				{Matrix34
					0.999961	-0.00401579	0.00780773
					0.00784326	0.00870672	-0.999931
					0.00395315	0.999954	0.00873902
					0.0250492	0.00109941	0.0295008
				}
				{VolumeView "armed.ply"}
			}
		}
		{bone "heat"
			{Matrix34
				-0.999979	-0.000302403	0.00646543
				0.00646738	-0.00791117	0.999948
				-0.000251291	0.999969	0.00791326
				6.08291	-0.0399194	2.75419
			}
		}
		{bone "heat2"
			{Matrix34
				-0.999979	-0.000302403	0.00646543
				0.00646738	-0.00791117	0.999948
				-0.000251291	0.999969	0.00791326
				5.37904	-0.0401318	2.75874
			}
		}
	}
}
{Volume "cooler"
	{Box 0.48 1.69846 0.265}
	{Bone "cooler"}
	{Matrix34
		1	0	0
		0	0.999859	-0.0167935
		0	0.0167906	0.999859
		-0.00809448	-0.00919853	0.62187
	}
}
{Volume "heat"
	{Box 0.5 4 0.5}
	{Bone "recevier"}
	{Matrix34
		0.0040724	0.999889	0.0142922
		-0.999988	0.00411362	-0.0025346
		-0.00259009	-0.0142855	0.999894
		3.27161	-0.00106682	0.810505
	}
}
{Volume "heat_cooler"
	{Box 0.245 1.1592 0.05}
	{Bone "cooler"}
	{Matrix34
		1	0	0
		0	0.999859	-0.0167935
		0	0.0167906	0.999859
		-0.00809414	0.182632	0.718195
	}
}
{Volume "magazine"
	{Box 1.60171 0.990586 1.39254}
	{Bone "magazine"}
	{Matrix34
		0.0040725	0.999889	0.0142924
		-0.999988	0.00411349	-0.00253494
		-0.0025899	-0.0142853	0.999895
		0.00122942	0.295027	-0.0066666
	}
}
{Volume "recevier"
	{Box 1.20429 5.82697 1.39254}
	{Bone "recevier"}
	{Matrix34
		0.0040724	0.999889	0.0142922
		-0.999988	0.00411362	-0.0025346
		-0.00259009	-0.0142855	0.999894
		0.00328731	0.123373	0.969991
	}
}
{Volume "shell_drop"
	{Cylinder 0.36 0.629519}
	{Bone "shell_drop"}
	{Matrix34
		-0.0316648	-0.10169	-0.416463
		-0.427678	0.0363276	0.0236442
		0.0295935	0.416085	-0.103856
		-0.0115436	-0.157477	0.0442241
	}
}
{Extender "preview"
	{"Stuff"
		{camera
			{origin -1.95911	-8.24918	0.696102}
			{lookat 5.39287	35.1479	-3.6529}
			{fov 45}
			{horizon -0.551074}
		}
		{lights
			{"0"
				{type point}
				{position -3.03781	54.0472	-28.0786}
			}
			{"1"
				{type directional}
				{direction 0.21152	0.452654	-0.0190719}
			}
			{"2"
				{type point}
				{position 11.2408	62.5368	17.2323}
			}
		}
	}
	{"Stuff_primary"
		{camera
			{origin -1.37893	-10.6615	0.65778}
			{lookat 6.18786	34.5982	-2.53782}
			{fov 45}
			{horizon 0.819722}
		}
		{lights
			{"0"
				{type point}
				{position 13.1163	51.858	-23.0018}
			}
			{"1"
				{type directional}
				{direction 0.204132	0.456109	0.0171528}
			}
			{"2"
				{type point}
				{position 19.2053	60.5144	24.0834}
			}
		}
	}
}
