;Exported by: Xpycmb
;Date:        Sun Jan 19 18:56:39 2025
;File:        C:\Users\Xpycmb\Documents\3ds Max 2020\scenes\harvester.max
{Skeleton
	(include "anim_instance.inc")	
	{bone revolute "basis"
		{limits 0 -0}
		{speed 0.2}
		{Orientation
			1	0	0
			0	-1	0
			0	0	1
		}
		{bone "concussion"
			{Position 39.6925	0	6.70328}
		}
		{bone "placement"
			{parameters "Clear;"}
		}
		{bone "reference"
			{parameters "hkaSkeleton = Reference;hkaBone = 0;"}
			{Orientation
				0	-1	0
				0	0	1
				-1	0	0
			}
			{bone "hips"
				{parameters "hkaSkeleton = Reference;hkaBone = 1;"}
				{Matrix34
					0	0.0943869	0.995536
					0	0.995536	-0.0943866
					-1	0	0
					3.1241e-05	65.3779	37.0537
				}
				{bone "drill_base"
					{parameters "hkaSkeleton = Reference;hkaBone = 2;"}
					{Matrix34
						-0.055988	0.998432	0
						0.998432	0.0559882	0
						0	0	-1
						-46.9363	-1.90735e-05	1.60077e-05
					}
					{bone "drill"
						{Matrix34
							-0.149977	0.98869	0
							0.988689	0.149977	0
							0	0	-1
							64.9226	0	2.24724e-05
						}
						{bone "drill_sm"
							{parameters "ID=Drill;"}
							{Matrix34
								0	0	1
								1	0	0
								0	1	0
								-4.07015	-46.0171	0.000170604
							}
							{VolumeView "drill_sm.ply"}
						}
					}
					{bone "piston_drill_up"
						{Matrix34
							-0.475738	0.879587	0
							-0.879587	-0.475738	0
							0	0	1
							20.6918	-0.0413122	0
						}
						{bone "piston_drill_up_sm"
							{parameters "CommonMesh;ID=Drillmount;"}
							{Matrix34
								0	0	-1
								0.940988	-0.33844	0
								-0.33844	-0.940988	0
								10.0073	-0.987274	0
							}
							{VolumeView "piston_drill_up_sm.ply"}
						}
					}
					{bone "drillmount"
						{parameters "ID=Drillmount;"}
						{Matrix34
							0.149977	-0.98869	0
							0	0	-1
							0.98869	0.149977	0
							35.0395	-1.06302	-1.50484e-05
						}
						{VolumeView "drillmount.ply"}
						{bone "drill_hatch_l"
							{parameters "ID=drill_hatch_l;"}
							{Matrix34
								0	1	0
								-1	0	0
								0	0	1
								2.85235	4.55437	-38.578
							}
							{VolumeView "drill_hatch_l.ply"}
						}
						{bone "drill_hatch_r"
							{parameters "ID=drill_hatch_r;"}
							{Matrix34
								0	-1	0
								-1	0	0
								0	0	1
								2.85236	-4.56175	-38.578
							}
							{VolumeView "drill_hatch_r.ply"}
						}
					}
					{bone "cabledrillsm"
						{parameters "hkaSkeleton = Reference;hkaBone = 3;"}
						{Matrix34
							-0.922468	-0.351658	-0.159344
							0.375235	-0.719533	-0.584355
							0.0908396	-0.59884	0.7957
							61.9966	2.02111	10.6353
						}
					}
					{bone "pneu_short_07"
						{Matrix34
							-0.407838	-0.136814	0.902745
							-0.177658	-0.957922	-0.225438
							0.895604	-0.252322	0.366371
							65.9118	0.318416	8.37188
						}
					}
				}
				{bone "neck"
					{parameters "hkaSkeleton = Reference;hkaBone = 12;"}
					{Matrix34
						-0.93682	-0.349813	0
						-0.349812	0.93682	0
						0	0	-1
						-49.5984	-9.63282	11.0718
					}
					{bone revolute "eyes_ik"
						{limits -15 20}
						{speed 0.04}
						{Matrix34
							0.889523	0.456836	0.00707376
							-0.456763	0.889535	-0.00978217
							-0.0107637	0.0054716	0.999927
							0	0	0
						}
						{bone revolute "eyes_ik_h"
							{limits -35 35}
							{speed 0.02}
							{Matrix34
								0.999462	-0.0319231	-0.00755751
								-0.00713757	0.0131628	-0.999888
								0.0320191	0.999404	0.0129301
								2.63854	-1.35809	0.0862446
							}
							{bone "head"
								{parameters "hkaSkeleton = Reference;hkaBone = 13;"}
								{Matrix34
									0.999955	-0.000140121	0.00945045
									-0.00945187	0.00337932	0.99995
									-0.000172801	-0.999994	0.0033766
									0	0	0
								}
								{bone "headend"
									{parameters "hkaSkeleton = Reference;hkaBone = 14;"}
									{Matrix34
										-1	0	0
										0	1	0
										0	0	-1
										12.7078	-1.04398	-0.144011
									}
								}
								{bone "head_sm"
									{parameters "ID=head;"}
									{Matrix34
										1	0	0
										0	0	-1
										0	1	0
										5.35701	-0.356236	0.00156593
									}
									{VolumeView "head_sm.ply"}
									{bone "armour_head"
										{parameters "ID=armour_head;"}
										{Matrix34
											0	0	-1
											-1	0	0
											0	1	0
											1.6181	0.000620842	-1.78485
										}
										{VolumeView "armour_head.ply"}
									}
									{bone "visor_head_bone"
										{Matrix34
											0.99918	-0.00826548	0.0396245
											0.0395308	-0.0115244	-0.999152
											0.00872629	0.999899	-0.0111844
											4.9754	1.32595	-0.885849
										}
									}
									{bone "head_light_ems_00_alarm"
										{parameters "ID=head;"}
										{Matrix34
											1	0	0
											0	1	0
											0	0	1
											4.70048	1.31928	-0.714191
										}
										{visibility 0}
										{VolumeView "head_light_ems_00_alarm.ply"}
									}
									{bone "head_light_ems_00_search"
										{parameters "ID=head;"}
										{Matrix34
											1	0	0
											0	1	0
											0	0	1
											4.70048	1.31928	-0.714207
										}
										{visibility 0}
										{VolumeView "head_light_ems_00_search.ply"}
									}
									{bone "head_light_ems_00_hold"
										{parameters "ID=head;"}
										{Matrix34
											1	0	0
											0	1	0
											0	0	1
											4.70048	1.31928	-0.714207
										}
										{VolumeView "head_light_ems_00_hold.ply"}
									}
									{bone "head_organ"
										{parameters "ID=head_organ;"}
										{Matrix34
											0	1	0
											-1	0	0
											0	0	1
											-0.496933	0.0159845	-0.841084
										}
										{VolumeView "head_organ.ply"}
									}
									{bone "visor_head_bone_support"
										{Matrix34
											0.99918	-0.00826548	0.0396243
											0.0395307	-0.0115244	-0.999152
											0.00872629	0.999899	-0.0111844
											4.9754	1.32595	-0.885864
										}
									}
								}
								{bone "cableheadsm"
									{parameters "hkaSkeleton = Reference;hkaBone = 15;"}
									{Matrix34
										0	-1	0
										1	0	0
										0	0	1
										4.9916	-1.61999	4.00748
									}
								}
								{bone "armour_head_upper"
									{parameters "ID=armour_head_upper;"}
									{Matrix34
										0	1	0
										0	0	-1
										-1	0	0
										5.35701	-0.356236	0.00156593
									}
									{VolumeView "armour_head_upper.ply"}
								}
							}
						}
						{bone "neck_sm"
							{parameters "ID=neck;"}
							{Matrix34
								0.999721	-0.0224766	-0.00729354
								-0.00707336	0.00978358	-0.999927
								0.0225465	0.9997	0.00962407
								1.18014	-1.12863	0.196601
							}
							{VolumeView "neck_sm.ply"}
						}
					}
				}
				{bone "rightupleg"
					{parameters "hkaSkeleton = Reference;hkaBone = 34;"}
					{Matrix34
						-0.435839	0.900024	0
						-0.900024	-0.43584	0
						0	0	1
						-32.0636	-9.02678	-26.5503
					}
					{bone "rightleg"
						{parameters "hkaSkeleton = Reference;hkaBone = 35;"}
						{Matrix34
							0.522183	0.852832	0.00163825
							-0.852833	0.522185	0
							-0.000850251	-0.00139978	0.999999
							-25.7697	1.90735e-05	0
						}
						{bone "rightfoot"
							{parameters "hkaSkeleton = Reference;hkaBone = 36;"}
							{Matrix34
								0.264034	-0.964503	-0.00445195
								0.964362	0.264072	-0.0165153
								0.0171052	6.79717e-05	0.999854
								-24.615	-4.95911e-05	6.48499e-05
							}
							{bone "rightpiston_legtofoot_frontbasedeform"
								{Matrix34
									-0.264361	-0.0663975	-0.962135
									0.917547	0.289931	-0.272118
									0.297022	-0.954742	-0.0157244
									-13.2752	5.27394	-7.06248
								}
								{bone "rightpiston_legtofoot_frontbasedeformend"
									{Position -10.5434	-6.19888e-05	2.28882e-05}
								}
								{bone "rightpiston_legtofoot_frontlimitdown"
									{Position -3.13277	3.62396e-05	2.67029e-05}
								}
							}
							{bone "rightpiston_foottotoe_frontbaseupper"
								{Matrix34
									0.92793	-0.371843	-0.0260563
									0.0474911	0.0486038	0.997689
									-0.369716	-0.927023	0.0627598
									-11.5202	-1.14734	-6.97403
								}
								{bone "rightpiston_foottotoe_frontlimitup"
									{Position -5.10548	-2.28882e-05	-4.57764e-05}
								}
							}
							{bone "rightpiston_foottotoe_backbaseupper"
								{Matrix34
									0.99717	-0.0474528	0.0583086
									0.0644873	0.141257	-0.98787
									0.03864	0.988835	0.143918
									-12.6877	-6.59327	-7.01193
								}
								{bone "rightpiston_foottotoe_backlimitup"
									{Position -4.8938	-5.53131e-05	1.14441e-05}
								}
							}
							{bone "rightfoot_sm"
								{parameters "ID=RightFoot;"}
								{Matrix34
									-0.00402678	-0.0149345	0.99988
									-0.260273	-0.965411	-0.0154684
									0.965527	-0.260304	0
									-8.73921	0.415062	-7.15285
								}
								{VolumeView "rightfoot_sm.ply"}
							}
							{bone "rightcablelegsm"
								{parameters "hkaSkeleton = Reference;hkaBone = 39;"}
								{Matrix34
									0.991931	0.126644	0.00588538
									-0.126718	0.991836	0.014304
									-0.00402628	-0.0149337	0.99988
									4.34544	-7.02888	-6.06252
								}
								{bone "rightcablelegsm1"
									{parameters "hkaSkeleton = Reference;hkaBone = 40;"}
									{Position -15.8396	-3.43323e-05	0}
								}
							}
							{bone prizmatic "suspension_r1"
								{limits -0.02 0.14}
								{speed2 6}
								{Matrix34
									-0.00402559	-0.0149343	0.99988
									-0.260266	-0.965413	-0.0154677
									0.965529	-0.260297	0
									-26.1638	-0.94453	-7.46418
								}
								{bone revolute "wheelr1"
									{parameters "ID=wheelleft1;Radius=0.35;"}
									{Matrix34
										0	0	-1
										0	1	0
										1	0	0
										0	0	0
									}
								}
								{bone "righttoe"
									{parameters "hkaSkeleton = Reference;hkaBone = 37;"}
									{Matrix34
										0.0135782	0.877748	0.478931
										0.00740742	0.478873	-0.877853
										-0.99988	0.0154677	0
										0	0	0
									}
									{bone "righttoeend"
										{parameters "hkaSkeleton = Reference;hkaBone = 38;"}
										{Matrix34
											-0.877748	-0.478872	-0.0154679
											-0.47893	0.877853	0
											0.0135773	0.00740925	-0.99988
											-12.3317	0	-0.000125885
										}
									}
									{bone "rightpiston_foottotoe_frontbasedeform"
										{Matrix34
											-0.585397	0.81074	0.00327151
											0.0105089	0.0116234	-0.999877
											-0.810679	-0.585291	-0.0153248
											-4.46748	-2.98571	-0.444908
										}
										{bone "rightpiston_foottotoe_frontlimitdown"
											{Position -1.13428	-0.000110626	2.67029e-05}
										}
										{bone "rightpiston_foottotoe_frontbasedeformend"
											{Position -8.02586	0.127579	-0.0246048}
										}
									}
									{bone "rightpiston_foottotoe_backbasedeform"
										{Matrix34
											-0.298235	0.954426	0.011291
											-0.0110711	-0.0152878	0.999822
											0.954428	0.298057	0.0151265
											4.52937	1.38838	-0.296448
										}
										{bone "rightpiston_foottotoe_backlimitdown"
											{Position -1.18434	4.57764e-05	-2.28882e-05}
										}
										{bone "rightpiston_foottotoe_backbasedeformend"
											{Position -8.07288	0.20253	0.101768}
										}
									}
									{bone "righttoe_sm"
										{parameters "ID=RightToe;"}
										{Matrix34
											0.0135775	0.00740841	-0.99988
											0.877746	0.478877	0.0154677
											0.478935	-0.877851	0
											-2.49845	0.554756	-0.644157
										}
										{VolumeView "righttoe_sm.ply"}
									}
									{bone "righttoe_fx"
										{Matrix34
											-0.877748	-0.478873	-0.0154675
											0.0135782	0.00740716	-0.99988
											0.478931	-0.877853	0
											-4.07298	4.94706	0.148666
										}
									}
									{bone "rightpiston_foottotoe_backbasedeform_target"
										{Matrix34
											-0.230842	0.971145	0.0599119
											-0.95558	-0.214684	-0.201933
											-0.183244	-0.103865	0.977565
											4.52937	1.38838	-0.296444
										}
									}
									{bone "rightpiston_foottotoe_frontbasedeform_target"
										{Matrix34
											-0.585398	0.81074	0.00327601
											0.810423	0.585274	-0.0258724
											-0.0228935	-0.0124906	-0.99966
											-4.46747	-2.98572	-0.444912
										}
									}
								}
							}
							{bone "righttoe_piston"
								{parameters "CommonMesh;ID=RightToe_piston;"}
								{Matrix34
									-0.0040255	-0.0149351	0.99988
									-0.260272	-0.965411	-0.0154683
									0.965527	-0.260303	0
									-18.0337	-2.706	-7.08504
								}
								{VolumeView "righttoe_piston.ply"}
							}
							{bone "rightpiston_foottotoe_backbaseupper_target"
								{Matrix34
									0.993041	-0.114279	0.0284728
									0.107036	0.976592	0.186581
									-0.0491286	-0.182235	0.982027
									-12.6877	-6.59328	-7.01193
								}
							}
							{bone "rightpiston_foottotoe_frontbaseupper_target"
								{Matrix34
									0.935982	-0.351903	0.0101761
									-0.350981	-0.930502	0.104778
									-0.0274028	-0.101643	-0.994444
									-11.5202	-1.14734	-6.97403
								}
							}
							{bone "rightpiston_legtofoot_frontbasedeform_target"
								{Matrix34
									-0.849413	-0.527574	-0.012764
									-0.527709	0.849342	0.0119298
									0.00454743	0.0168686	-0.999847
									-13.2752	5.27394	-7.06248
								}
							}
						}
						{bone "rightpiston_upperlegtoleg_frontbasedeform"
							{Matrix34
								0.834686	-0.550614	-0.0110987
								0.0133303	5.25106e-05	0.999911
								-0.550565	-0.83476	0.0073828
								-15.0315	-3.61851	-7.12568
							}
							{bone "rightpiston_upperlegtoleg_frontbasedeformend"
								{Position -14.3104	-9.91821e-05	3.8147e-05}
							}
							{bone "rightpiston_upperlegtoleg_frontlimitdown"
								{Position -5.30647	0	-1.14441e-05}
							}
							{bone "rightpiston_upperlegtoleg_frontbasedeform_target"
								{Matrix34
									-1	0	0
									0	0	-1
									0	-1	0
									0	0	0
								}
							}
						}
						{bone "rightpiston_legtofoot_frontbaseupper"
							{Matrix34
								0.693734	-0.720181	0.00846964
								0.720127	0.693786	0.00886137
								-0.0122574	-4.75637e-05	0.999925
								-8.98922	0.396925	-7.01065
							}
							{bone "rightpiston_legtofoot_frontlimitup"
								{Position -8.70972	-2.28882e-05	-2.28882e-05}
							}
						}
						{bone "knee_plate_r"
							{parameters "ID=knee_plate_r;"}
							{Matrix34
								0.763405	0.645918	-0.00163742
								0.00113299	0.00119719	0.999999
								0.645919	-0.763406	0.000181906
								4.53332	1.46186	-9.27792
							}
							{VolumeView "knee_plate_r.ply"}
						}
						{bone "rightleg_sm"
							{parameters "ID=RightLeg;"}
							{Matrix34
								0.001638	0	0.999999
								-0.999991	-0.00394914	0.00163752
								0.00394869	-0.999992	0
								-10.9378	-0.00267601	-7.14535
							}
							{VolumeView "rightleg_sm.ply"}
						}
						{bone "rightleg_piston"
							{parameters "CommonMesh;ID=RightLeg_piston;"}
							{Matrix34
								0.00163787	0	0.999999
								-0.999991	-0.00382167	0.00163765
								0.00382142	-0.999993	0
								-15.6484	7.17627	-7.04359
							}
							{VolumeView "rightleg_piston.ply"}
						}
					}
					{bone "rightpiston_upperlegtoleg_frontbaseupper"
						{Matrix34
							-0.905451	-0.424339	0.00973465
							-0.00606612	-0.00999565	-0.999932
							0.424408	-0.905448	0.00647566
							-8.66735	-4.45445	-7.38534
						}
						{bone "rightpiston_upperlegtoleg_frontlimitup"
							{Position -7.8916	1.52588e-05	2.28882e-05}
						}
					}
					{bone "rightupleg_sm"
						{parameters "ID=RightUpLeg;"}
						{Matrix34
							0	0	1
							-0.518828	-0.854879	0
							0.854879	-0.518828	0
							-11.7843	0.206673	-7.22954
						}
						{VolumeView "rightupleg_sm.ply"}
						{bone "back_right_leg_hatch"
							{parameters "ID=back_right_leg_hatch;"}
							{Matrix34
								0	-0.906316	-0.422601
								1	0	0
								0	-0.422601	0.906316
								0.201492	-2.53662	-3.02745
							}
							{VolumeView "back_right_leg_hatch.ply"}
						}
					}
					{bone "rightupleg_piston"
						{parameters "CommonMesh;ID=RightUpLeg;"}
						{Matrix34
							0.518844	0.854869	0
							0	0	1
							0.854869	-0.518844	0
							-17.4931	-8.88219	-7.06063
						}
						{VolumeView "rightupleg_piston.ply"}
					}
					{bone "rightpiston_upperlegtoleg_frontbaseupper_target"
						{Matrix34
							0.90545	0.424341	-0.00973161
							-0.424409	0.905447	-0.00647355
							0.00606437	0.00999183	0.999932
							-8.66734	-4.45446	-7.38534
						}
					}
					{bone "rightupleg_piston_rubber"
						{parameters "CommonMesh;ID=RightUpLeg;"}
						{Matrix34
							0.518844	0.854869	0
							0	0	1
							0.854869	-0.518844	0
							-17.4931	-8.88219	-7.06063
						}
						{VolumeView "rightupleg_piston_rubber.ply"}
					}
					{bone "pneu_short_02"
						{Matrix34
							0.701852	-0.425365	-0.571374
							-0.518261	-0.855222	6.74426e-05
							-0.48868	0.296074	-0.82069
							3.77982	-5.43753	-6.93878
						}
					}
				}
				{bone "leftupleg"
					{parameters "hkaSkeleton = Reference;hkaBone = 16;"}
					{Matrix34
						0.435839	-0.900024	0
						0.900024	0.43584	0
						0	0	1
						-32.0636	-9.02681	26.5503
					}
					{bone "leftleg"
						{parameters "hkaSkeleton = Reference;hkaBone = 17;"}
						{Matrix34
							0.522183	0.852832	0.00163776
							-0.852833	0.522184	0
							-0.000849932	-0.00140055	0.999999
							25.7696	-1.52588e-05	0
						}
						{bone "leftfoot"
							{parameters "hkaSkeleton = Reference;hkaBone = 18;"}
							{Matrix34
								0.264034	-0.964503	-0.00445145
								0.964362	0.264072	-0.0165159
								0.0171047	6.73064e-05	0.999854
								24.615	0	0
							}
							{bone "leftpiston_legtofoot_frontbasedeform"
								{Matrix34
									-0.849413	-0.527574	-0.012764
									-0.527709	0.849341	0.0119289
									0.00454714	0.0168689	-0.999847
									13.2752	-5.27396	7.0625
								}
								{bone "leftpiston_legtofoot_frontbasedeformend"
									{Position 10.5434	0	0}
								}
								{bone "leftpiston_legtofoot_frontlimitdown"
									{Position 3.13269	0	0}
								}
							}
							{bone "leftpiston_foottotoe_frontbaseupper"
								{Matrix34
									0.987586	-0.156993	-0.00524838
									-0.0229223	-0.110977	-0.993559
									0.155398	0.981345	-0.113199
									11.5202	1.14726	6.97395
								}
								{bone "leftpiston_foottotoe_frontlimitup"
									{Position 5.10544	0	0}
								}
							}
							{bone "leftpiston_foottotoe_backbaseupper"
								{Matrix34
									0.995673	-0.0857687	-0.0357622
									0.0228441	-0.147129	0.988854
									-0.0900739	-0.985392	-0.144532
									12.6878	6.59332	7.01193
								}
								{bone "leftpiston_foottotoe_backlimitup"
									{Position 4.8937	0	0}
								}
							}
							{bone "leftfoot_sm"
								{parameters "ID=LeftFoot;"}
								{Matrix34
									-0.00402521	-0.014935	0.99988
									0.260268	0.965413	0.0154674
									-0.965528	0.260299	0
									8.73922	-0.415047	7.15274
								}
								{VolumeView "leftfoot_sm.ply"}
							}
							{bone "leftcablelegsm"
								{parameters "hkaSkeleton = Reference;hkaBone = 21;"}
								{Matrix34
									0.991931	0.126644	0.00588577
									-0.126718	0.991836	0.0143033
									-0.00402577	-0.0149344	0.99988
									-4.34542	7.02892	6.06234
								}
								{bone "leftcablelegsm1"
									{parameters "hkaSkeleton = Reference;hkaBone = 22;"}
									{Position 15.8395	0	1.90735e-05}
								}
							}
							{bone prizmatic "suspension_l1"
								{limits -0.02 0.14}
								{speed2 6}
								{Matrix34
									-0.00402495	-0.0149343	0.99988
									0.260266	0.965413	0.0154668
									-0.965529	0.260298	0
									26.1638	0.944469	7.46405
								}
								{bone revolute "wheell1"
									{parameters "ID=wheelleft1;Radius=0.35;"}
									{Matrix34
										0	0	-1
										0	1	0
										1	0	0
										0	0	0
									}
								}
								{bone "lefttoe"
									{parameters "hkaSkeleton = Reference;hkaBone = 19;"}
									{Matrix34
										0.0135783	-0.877748	-0.478931
										0.00740669	-0.478874	0.877852
										-0.99988	-0.0154669	0
										0	0	0
									}
									{bone "lefttoeend"
										{parameters "hkaSkeleton = Reference;hkaBone = 20;"}
										{Matrix34
											-0.877748	-0.478873	-0.0154676
											-0.47893	0.877853	0
											0.0135779	0.00740886	-0.99988
											12.3317	0	0
										}
									}
									{bone "leftpiston_foottotoe_frontbasedeform"
										{Matrix34
											-0.364579	0.927779	-0.0794279
											-0.059152	0.0620521	0.996319
											0.929292	0.367935	0.032257
											4.46745	2.98569	0.44482
										}
										{bone "leftpiston_foottotoe_frontlimitdown"
											{Position 1.13429	0	-1.14441e-05}
										}
										{bone "leftpiston_foottotoe_frontbasedeformend"
											{Position 8.02588	-0.127678	0.0246162}
										}
									}
									{bone "leftpiston_foottotoe_backbasedeform"
										{Matrix34
											-0.298226	0.954428	0.0112853
											0.0111053	0.0152914	-0.999821
											-0.954431	-0.298048	-0.0151593
											-4.52948	-1.38845	0.296425
										}
										{bone "leftpiston_foottotoe_backlimitdown"
											{Position 1.18434	0	0}
										}
										{bone "leftpiston_foottotoe_backbasedeformend"
											{Position 8.07288	-0.202484	-0.101864}
										}
									}
									{bone "lefttoe_sm"
										{parameters "ID=LeftToe;"}
										{Matrix34
											0.0135781	0.00740734	-0.99988
											-0.877749	-0.478871	-0.015467
											-0.478928	0.877854	0
											2.49837	-0.554808	0.644154
										}
										{VolumeView "lefttoe_sm.ply"}
									}
									{bone "lefttoe_fx"
										{Matrix34
											0.877748	0.478874	0.015467
											0.0135782	0.00740686	-0.99988
											-0.478931	0.877852	0
											4.73633	-4.65686	0.644146
										}
									}
									{bone "leftpiston_foottotoe_backbasedeform_target"
										{Matrix34
											-0.298227	0.954428	0.0112848
											-0.953151	-0.297159	-0.0565653
											-0.0506348	-0.0276245	0.998335
											-4.52948	-1.38845	0.296425
										}
									}
									{bone "leftpiston_foottotoe_frontbasedeform_target"
										{Matrix34
											-0.585398	0.810739	0.00327672
											0.0229028	0.0124978	0.99966
											0.810422	0.585274	-0.0258845
											4.46745	2.9857	0.444824
										}
									}
								}
							}
							{bone "lefttoe_piston"
								{parameters "CommonMesh;ID=LeftToe_piston;"}
								{Matrix34
									-0.00402481	-0.0149345	0.99988
									0.260263	0.965414	0.0154671
									-0.965529	0.260295	0
									18.0341	2.70771	6.97377
								}
								{VolumeView "lefttoe_piston.ply"}
							}
							{bone "leftpiston_foottotoe_frontbaseupper_target"
								{Matrix34
									0.926347	-0.375562	0.0288917
									-0.376369	-0.919806	0.110919
									-0.015082	-0.113622	-0.99341
									11.5202	1.14726	6.97395
								}
							}
							{bone "leftpiston_foottotoe_backbaseupper_target"
								{Matrix34
									0.993041	-0.114278	0.0284725
									0.107035	0.976592	0.18658
									-0.0491271	-0.182235	0.982027
									12.6878	6.59332	7.01193
								}
							}
							{bone "leftpiston_legtofoot_frontbasedeform_target"
								{Matrix34
									-0.849413	-0.527574	-0.0127641
									-0.52771	0.849341	0.0119279
									0.00454749	0.0168678	-0.999848
									13.2752	-5.27397	7.0625
								}
							}
						}
						{bone "leftpiston_upperlegtoleg_frontbasedeform"
							{Matrix34
								-0.834687	0.550613	0.0110958
								0.0133265	5.15968e-05	0.999911
								0.550564	0.834761	-0.00738162
								15.0316	3.61845	7.12571
							}
							{bone "leftpiston_upperlegtoleg_frontbasedeformend"
								{Position 15.521	1.45381	-0.805222}
							}
							{bone "leftpiston_upperlegtoleg_frontlimitdown"
								{Position 5.30663	0	0}
							}
						}
						{bone "leftpiston_legtofoot_frontbaseupper"
							{Matrix34
								0.693734	-0.720181	0.00846963
								0.720127	0.693786	0.008861
								-0.0122581	-4.86385e-05	0.999925
								8.98923	-0.396975	7.01069
							}
							{bone "leftpiston_legtofoot_frontlimitup"
								{Position 8.70972	0	0}
							}
						}
						{bone "knee_plate_l"
							{parameters "ID=knee_plate_l;"}
							{Matrix34
								-0.763605	-0.645682	0.001638
								0.00120325	0.00111262	0.999999
								-0.645682	0.763606	-7.29322e-05
								-4.5334	-1.46163	9.27793
							}
							{VolumeView "knee_plate_l.ply"}
						}
						{bone "leftleg_sm"
							{parameters "ID=LeftLeg;"}
							{Matrix34
								0.00163752	0	0.999999
								0.999991	0.00385778	-0.00163802
								-0.00385718	0.999993	0
								10.9378	0.00260925	7.14532
							}
							{VolumeView "leftleg_sm.ply"}
						}
						{bone "leftpiston_upperlegtoleg_frontbasedeform_target"
							{Matrix34
								-0.834687	0.550613	0.0110948
								0.550564	0.834761	-0.00738105
								-0.0133253	-5.21039e-05	-0.999911
								15.0316	3.61845	7.12571
							}
						}
						{bone "leftleg_piston"
							{parameters "CommonMesh;ID=LeftToe_piston;"}
							{Matrix34
								0.00163815	0	0.999999
								0.999991	0.00389296	-0.00163832
								-0.00389266	0.999992	0
								15.6485	-7.17632	7.04357
							}
							{VolumeView "leftleg_piston.ply"}
						}
						{bone "leftpiston_legtofoot_frontbaseupper_target"
							{Matrix34
								0.693735	-0.720181	0.00847019
								0.720127	0.693786	0.00886105
								-0.0122584	-4.8734e-05	0.999925
								8.98923	-0.396965	7.01069
							}
						}
						{bone "pneu_short_05"
							{Matrix34
								-0.257993	0.662542	0.703191
								0.965752	0.156031	0.207312
								0.0276339	0.732593	-0.680106
								27.1145	4.52964	7.49174
							}
						}
					}
					{bone "leftpiston_upperlegtoleg_frontbaseupper"
						{Matrix34
							0.90545	0.424341	-0.00973176
							-0.00606454	-0.00999151	-0.999932
							-0.424409	0.905448	-0.0064742
							8.66732	4.45446	7.3853
						}
						{bone "leftpiston_upperlegtoleg_frontlimitup"
							{Position 7.89154	-1.14441e-05	0}
						}
					}
					{bone "leftupleg_sm"
						{parameters "ID=LeftUpLeg;"}
						{Matrix34
							0	0	1
							0.518844	0.854869	0
							-0.854869	0.518844	0
							11.7843	-0.206673	7.22952
						}
						{VolumeView "leftupleg_sm.ply"}
						{bone "back_left_leg_hatch"
							{parameters "ID=back_left_leg_hatch;"}
							{Matrix34
								0	-0.906308	-0.422618
								1	0	0
								0	-0.422618	0.906308
								-0.196968	-2.53653	-3.02748
							}
							{VolumeView "back_left_leg_hatch.ply"}
						}
					}
					{bone "leftupleg_piston"
						{parameters "CommonMesh;ID=LeftUpLeg;"}
						{Matrix34
							-0.518844	-0.854869	0
							0	0	1
							-0.854869	0.518844	0
							17.4931	8.88218	7.06273
						}
						{VolumeView "leftupleg_piston.ply"}
					}
					{bone "leftpiston_upperlegtoleg_frontbaseupper_target"
						{Matrix34
							0.90545	0.424341	-0.00973163
							-0.42441	0.905447	-0.0064738
							0.00606446	0.00999163	0.999932
							8.66732	4.45446	7.38531
						}
					}
					{bone "leftupleg_piston_rubber"
						{parameters "CommonMesh;ID=LeftUpLeg;"}
						{Matrix34
							-0.518844	-0.854869	0
							0	0	1
							-0.854869	0.518844	0
							21.8274	10.4312	6.99857
						}
						{VolumeView "leftupleg_piston_rubber.ply"}
					}
					{bone "pneu_short_03"
						{Matrix34
							-0.701852	0.425366	-0.571374
							0.518261	0.855222	6.75013e-05
							0.488681	-0.296074	-0.82069
							-3.77984	5.43758	7.31706
						}
					}
				}
				{bone "piston_drill_bottom"
					{Matrix34
						-0.904843	0.425745	0
						-0.425745	-0.904843	0
						0	0	1
						-24.2124	9.40054	0
					}
					{bone "piston_drill_bottom_sm"
						{parameters "ID=Drillmount;"}
						{Position 5.15369	-0.169632	0}
						{VolumeView "piston_drill_bottom_sm.ply"}
					}
					{bone "piston_drill_bottom_link"
						{parameters "ID=Drillmount;"}
						{Matrix34
							0	0	1
							-0.940988	-0.33844	0
							0.33844	-0.940988	0
							0.0726166	0.418365	0
						}
						{VolumeView "piston_drill_bottom_link.ply"}
					}
				}
				{bone revolute "rightweaponattach"
					{limits -8 8}
					{speed 0.02}
					{Matrix34
						0	0	-1
						-0.26596	0.963984	0
						0.963984	0.26596	0
						5.3446	9.32341	-17.874
					}
					{bone "missile_loader_r"
						{parameters "ID=Missile_l;"}
						{Matrix34
							1	0	0
							0	0	1
							0	-1	0
							0	0	1.52588e-05
						}
						{VolumeView "missile_loader_r.ply"}
						{bone "missile_loader_r_bone"
							{Matrix34
								-1	0	0
								0	0.0143603	-0.999897
								0	-0.999897	-0.01436
								0.188734	-0.0233231	-1.40208
							}
							{bone "missile_joint_r"
								{parameters "ID=Missile_l;"}
								{Position 0.136547	-2.64651	-2.30118}
								{VolumeView "missile_joint_r.ply"}
								{bone revolute "missile_joint_r_bone"
									{limits -13 28}
									{speed 0.02}
									{Matrix34
										0	-0.93959	0.342304
										0	-0.342304	-0.939589
										1	0	0
										0	0.658363	-1.76101
									}
									{bone "missile_r"
										{parameters "ID=Missile_r;"}
										{Matrix34
											-0.422618	0.906308	0
											0	0	1
											-0.906308	-0.422619	0
											1.54998	3.87397	1.13231
										}
										{VolumeView "missile_r.ply"}
										{bone "rocket_r_00"
											{parameters "ID=Missile_r;"}
											{Matrix34
												1	0	0
												0	-1	0
												0	0	1
												-0.538269	-3.16593	-4.69031
											}
											{VolumeView "rocket_r_00.ply"}
										}
										{bone "rocket_r_01"
											{parameters "ID=Missile_r;"}
											{Matrix34
												1	0	0
												0	-1	0
												0	0	1
												-0.534309	-0.369602	-4.69073
											}
											{VolumeView "rocket_r_01.ply"}
										}
										{bone "rocket_r_02"
											{parameters "ID=Missile_r;"}
											{Matrix34
												1	0	0
												0	-1	0
												0	0	1
												-0.53846	2.37442	-4.69028
											}
											{VolumeView "rocket_r_02.ply"}
										}
										{bone "rocket_r_03"
											{parameters "ID=Missile_r;"}
											{Matrix34
												1	0	0
												0	-1	0
												0	0	1
												1.94265	-3.18889	-4.95105
											}
											{VolumeView "rocket_r_03.ply"}
										}
										{bone "rocket_r_04"
											{parameters "ID=Missile_r;"}
											{Matrix34
												1	0	0
												0	-1	0
												0	0	1
												1.94662	-0.392559	-4.95147
											}
											{VolumeView "rocket_r_04.ply"}
										}
										{bone "rocket_r_05"
											{parameters "ID=Missile_r;"}
											{Matrix34
												1	0	0
												0	-1	0
												0	0	1
												1.94247	2.35147	-4.95103
											}
											{VolumeView "rocket_r_05.ply"}
										}
										{bone "rocket_r_06"
											{parameters "ID=Missile_r;"}
											{Matrix34
												1	0	0
												0	-1	0
												0	0	1
												4.40618	-3.21168	-5.20997
											}
											{VolumeView "rocket_r_06.ply"}
										}
										{bone "rocket_r_07"
											{parameters "ID=Missile_r;"}
											{Matrix34
												1	0	0
												0	-1	0
												0	0	1
												4.41016	-0.41535	-5.2104
											}
											{VolumeView "rocket_r_07.ply"}
										}
										{bone "rocket_r_08"
											{parameters "ID=Missile_r;"}
											{Matrix34
												1	0	0
												0	-1	0
												0	0	1
												4.40597	2.3252	-5.20996
											}
											{VolumeView "rocket_r_08.ply"}
										}
										{bone "shooter_r_06"
											{Matrix34
												0.116004	0.00126753	0.993248
												-0.00136046	-0.999998	0.0014343
												-0.993248	0.00151715	0.116001
												6.37132	-3.17828	13.5056
											}
										}
										{bone "shooter_r_fx_06"
											{Matrix34
												-0.116004	-0.00126746	-0.993248
												-0.00036954	-0.999999	0.00131867
												0.993249	-0.000520162	-0.116003
												3.82289	-3.2212	-10.5277
											}
										}
										{bone "shooter_r_07"
											{Matrix34
												0.116004	0.00126753	0.993248
												-0.00136046	-0.999998	0.0014343
												-0.993248	0.00151715	0.116001
												6.37531	-0.381926	13.5052
											}
										}
										{bone "shooter_r_fx_07"
											{Matrix34
												-0.116004	-0.00126746	-0.993248
												-0.00036954	-0.999999	0.00131867
												0.993249	-0.000520162	-0.116003
												3.82684	-0.424845	-10.5281
											}
										}
										{bone "shooter_r_08"
											{Matrix34
												0.116004	0.00126753	0.993248
												-0.00136046	-0.999998	0.0014343
												-0.993248	0.00151715	0.116001
												6.37112	2.35861	13.5056
											}
										}
										{bone "shooter_r_fx_08"
											{Matrix34
												-0.116004	-0.00126746	-0.993248
												-0.00036954	-0.999999	0.00131867
												0.993249	-0.000520162	-0.116003
												3.82265	2.31569	-10.5277
											}
										}
										{bone "shooter_r_03"
											{Matrix34
												0.116004	0.00126753	0.993248
												-0.00136046	-0.999998	0.0014343
												-0.993248	0.00151715	0.116001
												3.90777	-3.15549	13.7646
											}
										}
										{bone "shooter_r_fx_03"
											{Matrix34
												-0.116004	-0.00126746	-0.993248
												-0.00036954	-0.999999	0.00131867
												0.993249	-0.000520162	-0.116003
												1.3593	-3.19844	-10.2687
											}
										}
										{bone "shooter_r_04"
											{Matrix34
												0.116004	0.00126753	0.993248
												-0.00136046	-0.999998	0.0014343
												-0.993248	0.00151715	0.116001
												3.9118	-0.359161	13.7641
											}
										}
										{bone "shooter_r_fx_04"
											{Matrix34
												-0.116004	-0.00126746	-0.993248
												-0.00036954	-0.999999	0.00131867
												0.993249	-0.000520162	-0.116003
												1.36333	-0.402081	-10.2692
											}
										}
										{bone "shooter_r_05"
											{Matrix34
												0.116008	0.000967832	0.993248
												0.000966644	-0.999999	0.000860743
												-0.993248	-0.00086076	0.116008
												3.90765	2.3515	13.7646
											}
										}
										{bone "shooter_r_fx_05"
											{Matrix34
												-0.116008	-0.000967808	-0.993248
												-0.000966667	-0.999999	0.00108656
												0.993248	-0.00108607	-0.116007
												1.35912	2.35156	-10.2687
											}
										}
										{bone "shooter_r_00"
											{Matrix34
												0.11601	0.000967751	0.993248
												0.00096632	-0.999999	0.000860768
												-0.993248	-0.000860456	0.11601
												1.42699	-3.16589	14.0253
											}
										}
										{bone "shooter_r_fx_00"
											{Matrix34
												-0.11601	-0.000967772	-0.993248
												-0.000966346	-0.999999	0.00108665
												0.993248	-0.00108576	-0.116008
												-1.12157	-3.16576	-10.008
											}
										}
										{bone "shooter_r_01"
											{Matrix34
												0.116008	0.000967878	0.993248
												0.000966244	-0.999999	0.000860845
												-0.993248	-0.000860456	0.116008
												1.43097	-0.369566	14.0249
											}
										}
										{bone "shooter_r_fx_01"
											{Matrix34
												-0.116009	-0.000967785	-0.993248
												-0.000966479	-0.999999	0.00108654
												0.993248	-0.00108602	-0.116007
												-1.11757	-0.369509	-10.0085
											}
										}
										{bone "shooter_r_02"
											{Matrix34
												0.116011	0.00096781	0.993247
												0.000966113	-0.999999	0.000860865
												-0.993248	-0.000860202	0.116011
												1.42682	2.37445	14.0254
											}
										}
										{bone "shooter_r_fx_02"
											{Matrix34
												-0.116011	-0.000967816	-0.993247
												-0.000966801	-0.999999	0.00108669
												0.993248	-0.0010863	-0.116009
												-1.12175	2.37454	-10.008
											}
										}
									}
									{bone "foresight_rocket_r"
										{Matrix34
											-0.949214	-0.314628	0.00126736
											-0.000725751	-0.00183884	-0.999998
											0.31463	-0.949213	0.00151717
											-14.8186	2.18894	0.0408001
										}
									}
								}
							}
						}
					}
				}
				{bone revolute "leftweaponattach"
					{limits -8 8}
					{speed 0.02}
					{Matrix34
						0	0	-1
						-0.26596	0.963984	0
						0.963984	0.26596	0
						5.34452	9.32333	17.874
					}
					{bone "missile_loader_l"
						{parameters "ID=Missile_l;"}
						{Matrix34
							1	0	0
							0	0	1
							0	-1	0
							0	0	0
						}
						{VolumeView "missile_loader_l.ply"}
						{bone "missile_loader_l_bone"
							{Matrix34
								-1	0	0
								0	0.0143603	-0.999897
								0	-0.999897	-0.0143599
								0.188734	-0.0233231	-1.40207
							}
							{bone "missile_joint_l"
								{parameters "ID=Missile_l;"}
								{Position 0.136549	-2.64651	-2.30118}
								{VolumeView "missile_joint_l.ply"}
								{bone revolute "missile_joint_l_bone"
									{limits -13 28}
									{speed 0.02}
									{Matrix34
										0	-0.93959	0.342304
										0	-0.342303	-0.939589
										1	0	0
										0	0.658367	-1.76101
									}
									{bone "missile_l"
										{parameters "ID=Missile_l;"}
										{Matrix34
											0	0	1
											-0.93959	-0.342303	0
											0.342304	-0.93959	0
											1.54996	3.87401	-1.02788
										}
										{VolumeView "missile_l.ply"}
										{bone "rocket_l_08"
											{parameters "ID=Missile_l;"}
											{Matrix34
												0	0.0868562	-0.996221
												-1	0	0
												0	0.996221	0.0868554
												3.15462	-4.80759	-4.84183
											}
											{VolumeView "rocket_l_08.ply"}
										}
										{bone "rocket_l_07"
											{parameters "ID=Missile_l;"}
											{Matrix34
												0	0.0868562	-0.996221
												-1	0	0
												0	0.996221	0.0868554
												0.414068	-4.80766	-4.84605
											}
											{VolumeView "rocket_l_07.ply"}
										}
										{bone "rocket_l_06"
											{parameters "ID=Missile_l;"}
											{Matrix34
												0	0.0868562	-0.996221
												-1	0	0
												0	0.996221	0.0868554
												-2.38226	-4.80759	-4.84206
											}
											{VolumeView "rocket_l_06.ply"}
										}
										{bone "rocket_l_05"
											{parameters "ID=Missile_l;"}
											{Matrix34
												0	0.0868562	-0.996221
												-1	0	0
												0	0.996221	0.0868554
												3.18088	-4.76362	-2.36515
											}
											{VolumeView "rocket_l_05.ply"}
										}
										{bone "rocket_l_04"
											{parameters "ID=Missile_l;"}
											{Matrix34
												0	0.0868562	-0.996221
												-1	0	0
												0	0.996221	0.0868554
												0.436861	-4.76369	-2.36934
											}
											{VolumeView "rocket_l_04.ply"}
										}
										{bone "rocket_l_03"
											{parameters "ID=Missile_l;"}
											{Matrix34
												0	0.0868562	-0.996221
												-1	0	0
												0	0.996221	0.0868554
												-2.35946	-4.7636	-2.36535
											}
											{VolumeView "rocket_l_03.ply"}
										}
										{bone "rocket_l_02"
											{parameters "ID=Missile_l;"}
											{Matrix34
												0	0.0868562	-0.996221
												-1	0	0
												0	0.996221	0.0868554
												3.20384	-4.71933	0.129044
											}
											{VolumeView "rocket_l_02.ply"}
										}
										{bone "rocket_l_01"
											{parameters "ID=Missile_l;"}
											{Matrix34
												0	0.0868562	-0.996221
												-1	0	0
												0	0.996221	0.0868554
												0.45981	-4.7194	0.124863
											}
											{VolumeView "rocket_l_01.ply"}
										}
										{bone "rocket_l_00"
											{parameters "ID=Missile_l;"}
											{Matrix34
												0	0.0868562	-0.996221
