;Exported by: Xpycmb
;Date:        Thu Dec 19 00:17:50 2024
;File:        C:\Users\Xpycmb\Documents\3ds Max 2020\scenes\lynx.max
{Skeleton
	{bone "basis"
		{Orientation
			1	0	0
			0	-1	0
			0	0	1
		}
		{bone "broken_01"
			{Matrix34
				0.413196	0.871562	0.263909
				-0.836246	0.248429	0.488851
				0.360502	-0.422684	0.831491
				-0.115027	1.59227	1.27713
			}
			{VolumeView "broken_01.ply"}
		}
		{bone "broken_02"
			{Matrix34
				0.767579	-0.640116	0.0327757
				0.610492	0.714564	-0.341612
				0.195251	0.282223	0.939269
				-0.0301712	-1.52121	-0.0145868
			}
			{VolumeView "broken_02.ply"}
		}
		{bone "broken_03"
			{Matrix34
				0.996056	0.00347717	-0.0886619
				-0.00187683	0.999834	0.0181269
				0.0887102	-0.017889	0.995897
				-0.100266	0.272118	0.82418
			}
			{VolumeView "broken_03.ply"}
		}
		{bone "broken_04"
			{Matrix34
				0.996056	0.00347717	-0.0886619
				-0.00187683	0.999834	0.0181269
				0.0887102	-0.017889	0.995897
				-0.105386	-0.255371	0.110728
			}
			{VolumeView "broken_04.ply"}
		}
		{bone "broken_05"
			{Matrix34
				0.340553	0.0176824	-0.940059
				-0.00187669	0.999834	0.0181269
				0.940224	-0.00440896	0.340529
				-0.15596	-0.549098	-1.50542
			}
			{VolumeView "broken_05.ply"}
		}
		{bone "broken_06"
			{Matrix34
				0.996056	0.00347717	-0.0886619
				-0.00187683	0.999834	0.0181269
				0.0887102	-0.017889	0.995897
				0.282079	-0.288836	-0.458952
			}
			{VolumeView "broken_06.ply"}
		}
		{bone "broken_07"
			{Matrix34
				0.765039	0.0131089	-0.643851
				-0.00187663	0.999834	0.0181269
				0.643981	-0.0126595	0.764937
				0.0602384	0.848899	-0.959412
			}
			{VolumeView "broken_07.ply"}
		}
		{bone "broken_08"
			{Matrix34
				0.820045	-0.00883523	0.572231
				-0.00187673	0.999834	0.0181269
				-0.572296	-0.0159388	0.819892
				0.295926	0.15582	1.24789
			}
			{VolumeView "broken_08.ply"}
		}
		{bone "broken_09"
			{Matrix34
				0.186656	0.873116	-0.450365
				-0.743255	0.42528	0.516438
				0.642442	0.23834	0.728329
				-0.192757	1.355	-0.870084
			}
			{VolumeView "broken_09.ply"}
		}
		{bone "broken_10"
			{Matrix34
				0.497845	0.845202	0.194383
				-0.761713	0.318965	0.563963
				0.414661	-0.42883	0.802597
				0.149687	1.20731	0.432807
			}
			{VolumeView "broken_10.ply"}
		}
	}
}
{Volume "broken_01"
	{Box 0.984252 0.984252 0.984252}
	{Bone "broken_01"}
	{Matrix34
		0.875426	0.258819	-0.408219
		-0.391199	0.875426	-0.283889
		0.283889	0.408218	0.86762
		-0.00653872	-0.142647	0.0448926
	}
}
{Volume "broken_02"
	{Box 0.984252 0.984252 3.52972}
	{Bone "broken_02"}
	{Matrix34
		-0.640856	0.707107	0.298836
		-0.759419	-0.640856	-0.112185
		0.112184	-0.298836	0.947688
		-0.00123152	0.00326607	-0.0103456
	}
}
{Volume "broken_03"
	{Box 1.61417 0.984252 1.51575}
	{Bone "broken_03"}
	{Matrix34
		0	1	0
		-1	0	0
		0	0	1
		0.101528	0	0.202765
	}
}
{Volume "broken_04"
	{Box 0.984252 0.984252 2.22441}
	{Bone "broken_04"}
	{Matrix34
		0	1	0
		-1	0	0
		0	0	1
		0	-0.0692748	-0.0984582
	}
}
{Volume "broken_05"
	{Box 0.984252 0.984252 0.984252}
	{Bone "broken_05"}
	{Orientation
		0	1	0
		-0.422619	0	-0.906308
		-0.906308	0	0.422618
	}
}
{Volume "broken_06"
	{Box 0.984252 0.984252 0.984252}
	{Bone "broken_06"}
	{Matrix34
		0	1	0
		-1	0	0
		0	0	1
		0	0	0
	}
}
{Volume "broken_07"
	{Box 0.984252 0.984252 1.58465}
	{Bone "broken_07"}
	{Matrix34
		0	1	0
		-0.819152	0	-0.573576
		-0.573576	0	0.819152
		-0.110371	0.00550851	-0.0572157
	}
}
{Volume "broken_08"
	{Box 2.97244 0.984252 0.984252}
	{Bone "broken_08"}
	{Orientation
		0	1	0
		-0.766045	0	0.642787
		0.642787	0	0.766044
	}
}
{Volume "broken_09"
	{Box 1.41732 0.984252 0.984252}
	{Bone "broken_09"}
	{Matrix34
		0.864457	0.435966	0.250297
		-0.228886	0.784633	-0.576162
		-0.447578	0.440777	0.778068
		0.00311393	-0.129339	0.0750485
	}
}
{Volume "broken_10"
	{Box 0.984252 0.984252 0.984252}
	{Bone "broken_10"}
	{Matrix34
		0.847651	0.330565	-0.414989
		-0.481586	0.807601	-0.340375
		0.22263	0.488371	0.843759
		0	0	0
	}
}
