;Exported by: ?????
;Date:        Sun Nov 29 13:47:09 2020
;File:        D:\?????\Documents\3ds Max 2020\scenes\arm_milsim_fsb.max
{Skeleton
	{bone revolute "basis"
		{limits -30 30}
		{speed 0.1}
		{Orientation
			1	0	0
			0	-1	0
			0	0	1
		}
		{bone "body"
			{Matrix34
				0	0	1
				0	-1	0
				1	0	0
				0	0.0344553	19.9224
			}
			{bone "foot1l"
				{Matrix34
					-0.993535	-0.0202594	0.111708
					0.11167	0.00297451	0.993741
					0.0204649	-0.99979	0.000692962
					-0.143509	-2.13095	-0.488995
				}
				{bone "foot2l"
					{Matrix34
						0.952382	-0.304908	-0.00010797
						0.304908	0.952382	-4.07621e-05
						0.000115259	0	1
						9.37838	-0.0471725	0
					}
					{bone "bone06"
						{Matrix34
							0.221381	0.973964	0.0488399
							-0.972284	0.216583	0.0880677
							0.0751968	-0.0669827	0.994917
							8.74023	0.113252	0.00567913
						}
					}
					{bone "foot3l"
						{Matrix34
							0.0905535	0.979616	0.179312
							0.00345668	-0.18036	0.983595
							0.995886	-0.0884482	-0.0197185
							9.2003	-0.34629	-0.0729971
						}
						{bone "bone07"
							{Position 2.60015	0	0}
						}
					}
				}
			}
			{bone revolute "ik_leftright"
				{limits -20 20}
				{speed 0.1}
				{Matrix34
					0	0	1
					0	-1	0
					1	0	0
					1.90368	0.0344548	0
				}
				{bone "ik_socket"
					{Matrix34
						0	1	0
						1	0	0
						0	0	1
						0	0	0
					}
					{bone "compensate"
						{Matrix34
							0	1	0
							1	0	0
							0	0	1
							0	0	0
						}
						{bone revolute "ik_updown"
							{limits -40 20}
							{speed 0.1}
							{Matrix34
								1	0	0
								0	0	1
								0	-1	0
								0	0	1.66801
							}
							{bone "gun_back"
								{Matrix34
									0.0147833	0.996075	0.0872692
									-0.149675	0.0884998	-0.984767
									-0.988625	0.00149542	0.150396
									-4.16774	-4.2536	2.42593
								}
							}
							{bone "clavicle_right"
								{Position -0.139178	6.12487	1.17253}
								{bone "hand1r"
									{Matrix34
										0.0313524	-0.248123	0.968221
										0.9728	0.230016	0.0274447
										-0.229516	0.941025	0.248586
										0.0503404	-0.225975	2.95336
									}
									{bone "hand2r"
										{Matrix34
											0.460802	0.887503	0
											-0.887503	0.460802	0
											0	0	1
											6.26813	0	0
										}
										{bone "hand3r"
											{Matrix34
												0.982611	-0.185677	0
												0.185676	0.982611	0
												0	0	1
												5.19218	0	0
											}
										}
										{bone "right_hand"
											{Matrix34
												0.968615	-0.225094	0.105442
												0.191903	0.946804	0.258332
												-0.157981	-0.22999	0.960285
												6.33401	0.91394	-0.654926
											}
										}
										{bone "hand_rot1r"
											{Matrix34
												0.00333649	-0.999958	0.00855824
												-0.999992	-0.00331734	0.00210685
												-0.00207914	-0.00856462	-0.999961
												5.19224	0	0
											}
											{bone "palm1r"
												{Matrix34
													-0.963565	-0.249481	-0.0964402
													-0.0459581	-0.20077	0.97856
													-0.263496	0.947338	0.181991
													0.0853548	-0.397721	0.0915833
												}
												{bone "palm2r_hide"
													{Matrix34
														-0.0995067	0.561598	-0.821405
														-0.0593575	0.820682	0.568295
														0.993265	0.105307	-0.0483281
														0.146143	0.242281	-1.2575
													}
													{bone "palm3r_hide"
														{Matrix34
															0.304954	0.952367	0
															-0.952367	0.304953	0
															0	0	1
															0.581879	-0.000116348	0
														}
														{bone "palm4r_hide"
															{Matrix34
																1	0	0
																0	1	0
																0	0	1
																0.534456	0	0
															}
														}
													}
												}
												{bone "palm2r"
													{Matrix34
														-0.0995085	0.561598	-0.821404
														-0.0593585	0.820682	0.568294
														0.993265	0.105305	-0.0483272
														0.146143	0.242285	-1.25751
													}
													{bone "palm3r"
														{Matrix34
															0.304954	0.952367	0
															-0.952367	0.304953	0
															0	0	1
															0.581881	-0.000114441	0
														}
													}
												}
												{bone "righthandindexbase"
													{Matrix34
														0.264356	0.207069	-0.941933
														-0.197279	-0.944416	-0.262984
														-0.944032	0.255345	-0.208814
														0.73683	-0.0176964	-1.47122
													}
													{bone "righthandindex1"
														{parameters "LastPose = undefined;"}
														{Matrix34
															1	0	0
															0	1	0
															0	0	1
															0	0	0
														}
														{bone "righthandindex2"
															{Matrix34
																1	0	0
																0	1	0
																0	0	1
																0.858056	0	0
															}
															{bone "righthandindex3"
																{Matrix34
																	1	1.00583e-05	0
																	0	1	0
																	0	0	1
																	0.64282	0	0
																}
																{bone "righthandindex4"
																	{Matrix34
																		1	0	0
																		0	1	0
																		0	0	1
																		0.479884	0	0
																	}
																}
															}
															{bone "r_index3"
																{parameters "LastPose = undefined;"}
																{Matrix34
																	1	0	0
																	0	1	0
																	0	0	1
																	0.642817	0.555471	0
																}
															}
														}
														{bone "r_index2"
															{parameters "LastPose = undefined;"}
															{Matrix34
																1	0	0
																0	1	0
																0	0	1
																0.858056	0.582943	0
															}
														}
													}
													{bone "r_index1"
														{Matrix34
															1	0	0
															0	1	0
															0	0	1
															0	0.585602	0
														}
													}
												}
												{bone "righthandmiddlebase"
													{parameters "LastPose = undefined;"}
													{Matrix34
														0.0964117	0.24826	-0.963883
														-0.197277	-0.944417	-0.26298
														-0.975596	0.215507	-0.0420789
														0.279718	0.087513	-1.50613
													}
													{bone "righthandmiddle1"
														{parameters "LastPose = undefined;"}
														{Matrix34
															1	0	0
															0	1	0
															0	0	1
															0	0	0
														}
														{bone "righthandmiddle2"
															{Matrix34
																1	0	0
																0	1	0
																0	0	1
																0.991686	0	0
															}
															{bone "righthandmiddle3"
																{Matrix34
																	1	0	-1.87261e-05
																	0	1	0
																	2.05357e-05	0	1
																	0.741716	0	0
																}
																{bone "righthandmiddle4"
																	{Matrix34
																		1	0	1.03088e-05
																		0	1	-3.66867e-05
																		0	3.88026e-05	1
																		0.56016	0	1.33514e-05
																	}
																}
															}
															{bone "r_middle3"
																{parameters "LastPose = undefined;"}
																{Matrix34
																	1	0	0
																	0	1	0
																	0	0	1
																	0.741711	0.453115	0
																}
															}
														}
														{bone "r_middle2"
															{parameters "LastPose = undefined;"}
															{Matrix34
																1	0	0
																0	1	0
																0	0	1
																0.991686	0.507702	0
															}
														}
													}
													{bone "r_middle1"
														{parameters "LastPose = undefined;"}
														{Matrix34
															1	0	0
															0	1	0
															0	0	1
															0	0.555182	0
														}
													}
												}
												{bone "righthandringbase"
													{parameters "LastPose = undefined;"}
													{Matrix34
														-0.074462	0.281915	-0.956545
														-0.197278	-0.944416	-0.262985
														-0.977516	0.169124	0.125936
														-0.181876	0.189144	-1.52485
													}
													{bone "righthandring1"
														{parameters "LastPose = undefined;"}
														{Matrix34
															1	0	0
															0	1	0
															0	0	1
															0	0	0
														}
														{bone "righthandring2"
															{parameters "LastPose = undefined;"}
															{Matrix34
																1	0	0
																0	1	0
																0	0	1
																0.858055	0	0
															}
															{bone "righthandring3"
																{Matrix34
																	1	0	0
																	0	1	-6.93202e-05
																	0	7.07507e-05	1
																	0.64282	0	0
																}
																{bone "righthandring4"
																	{Matrix34
																		1	0	0
																		0	1	0
																		0	0	1
																		0.487397	0	0
																	}
																}
															}
															{bone "r_ring3"
																{parameters "LastPose = undefined;"}
																{Matrix34
																	1	0	0
																	0	1	0
																	0	0	1
																	0.642817	0.46163	0
																}
															}
														}
														{bone "r_ring2"
															{parameters "LastPose = undefined;"}
															{Matrix34
																1	0	0
																0	1	0
																0	0	1
																0.858057	0.518652	0
															}
														}
													}
													{bone "r_ring1"
														{parameters "LastPose = undefined;"}
														{Matrix34
															1	0	0
															0	1	0
															0	0	1
															0	0.560667	0
														}
													}
												}
												{bone "righthandpinkybase"
													{parameters "LastPose = undefined;"}
													{Matrix34
														-0.243077	0.307	-0.920144
														-0.197278	-0.944416	-0.262984
														-0.949735	0.1176	0.290127
														-0.611534	0.282125	-1.53644
													}
													{bone "righthandpinky1"
														{parameters "LastPose = undefined;"}
														{Matrix34
															1	0	0
															0	1	0
															0	0	1
															0	0	0
														}
														{bone "righthandpinky2"
															{Matrix34
																1	0	1.43051e-05
																0	1	0
																-1.33291e-05	0	1
																0.716183	0	0
															}
															{bone "righthandpinky3"
																{Matrix34
																	1	0	0
																	0	1	-4.84586e-05
																	0	4.97401e-05	1
																	0.535685	0	0
																}
																{bone "righthandpinky4"
																	{Matrix34
																		1	0	0
																		0	1	0
																		0	0	1
																		0.396511	0	0
																	}
																}
															}
															{bone "r_pinky3"
																{parameters "LastPose = undefined;"}
																{Matrix34
																	1	0	0
																	0	1	0
																	0	0	1
																	0.535681	0.465427	0
																}
															}
														}
														{bone "r_pinky2"
															{parameters "LastPose = undefined;"}
															{Matrix34
																1	0	0
																0	1	0
																0	0	1
																0.716186	0.434147	0
															}
														}
													}
													{bone "r_pinky1"
														{parameters "LastPose = undefined;"}
														{Matrix34
															1	0	0
															0	1	0
															0	0	1
															0	0.463673	0
														}
													}
												}
												{bone "righthandthumbbase"
													{parameters "LastPose = undefined;"}
													{Matrix34
														0.718793	0.324475	-0.614859
														0.527117	-0.831012	0.177673
														-0.453305	-0.451814	-0.768362
														0.606988	-0.128698	-0.0563564
													}
													{bone "righthandthumb1"
														{Position 0	0	0}
														{bone "righthandthumb2"
															{Matrix34
																1	-1.52886e-05	1.73524e-05
																1.51992e-05	1	0
																-1.69352e-05	0	1
																1.02929	0	0
															}
															{bone "righthandthumb3"
																{Matrix34
																	1	0	-1.33514e-05
																	0	1	0
																	1.37314e-05	0	1
																	0.730941	0	0
																}
																{bone "righthandthumb4"
																	{Matrix34
																		1	0	0
																		0	1	0
																		0	0	1
																		0.529864	0	0
																	}
																}
															}
															{bone "r_thumb3"
																{parameters "LastPose = undefined;"}
																{Matrix34
																	1	0	0
																	0	1	0
																	0	0	1
																	0.730938	0.514257	0
																}
															}
														}
														{bone "r_thumb2"
															{parameters "LastPose = undefined;"}
															{Matrix34
																1	0	0
																0	1	0
																0	0	1
																1.0293	0.535988	0
															}
														}
													}
													{bone "r_thumb1"
														{parameters "LastPose = undefined;"}
														{Matrix34
															1	0	0
															0	1	0
															0	0	1
															0	0.592854	0
														}
													}
												}
											}
										}
									}
								}
							}
							{bone "clavicle_left"
								{Position -0.139178	6.12487	-1.18112}
								{bone "hand1l"
									{Matrix34
										0.0307142	-0.248445	-0.968159
										0.97283	0.229808	-0.0281101
										0.229474	-0.94099	0.248754
										0.0503407	-0.225975	-2.95273
									}
									{bone "hand2l"
										{Matrix34
											0.458669	0.888607	0
											-0.888607	0.458669	0
											0	0	1
											6.26812	0	0
										}
										{bone "hand3l"
											{Matrix34
												0.982611	-0.185677	0
												0.185676	0.982611	0
												0	0	1
												5.19218	0	0
											}
										}
										{bone "left_hand"
											{Matrix34
												0.275672	0.823504	-0.495828
												0.00418923	-0.516839	-0.856072
												-0.961242	0.23392	-0.145927
												5.99778	-0.667304	0.40992
											}
										}
										{bone "hand_rot1l"
											{Matrix34
												0.00130252	-0.999931	0.0116372
												-0.999999	-0.00131387	-0.00103796
												0.00105407	-0.0116362	-0.999932
												5.25743	-0.000658989	-0.00162506
											}
											{bone "palm1l"
												{Matrix34
													0.965404	0.24925	-0.0766091
													-0.0261243	-0.199864	-0.979475
													-0.259447	0.947591	-0.186439
													0.0886898	-0.337658	-0.09161
												}
												{bone "palm2l"
													{Matrix34
														-0.00577146	0.491344	-0.870946
														-0.00434893	-0.870965	-0.491327
														-0.999974	0.000952244	0.00716353
														-0.0738363	0.242491	-1.26342
													}
													{bone "palm3l"
														{Matrix34
															0.578449	-0.815719	0
															0.815719	0.578449	0
															0	0	1
															0.578553	0.000164032	0
														}
													}
												}
												{bone "palm2l_hide"
													{Matrix34
														-0.00577145	0.491344	-0.870946
														-0.00434837	-0.870964	-0.491327
														-0.999974	0.000952929	0.00716358
														-0.0738363	0.242491	-1.26342
													}
													{bone "palm3l_hide"
														{Matrix34
															0.578448	-0.815718	0
															0.815719	0.57845	0
															0	0	1
															0.578553	0.000165939	0
														}
														{bone "palm4l_hide"
															{Matrix34
																1	0	0
																0	1	0
																0	0	1
																0.511902	-3.05176e-05	0
															}
														}
													}
												}
												{bone "lefthandindexbase"
													{parameters "LastPose = undefined;"}
													{Matrix34
														-0.264357	0.207069	-0.941933
														-0.19728	0.944416	0.262984
														0.944032	0.255346	-0.208813
														-0.736827	-0.0177002	-1.47121
													}
													{bone "lefthandindex1"
														{Position 0	0	0}
														{bone "lefthandindex2"
															{Matrix34
																1	0	0
																0	1	0
																0	0	1
																0.858053	0	0
															}
															{bone "lefthandindex3"
																{Matrix34
																	1	-1.01402e-05	0
																	0	1	0
																	0	0	1
																	0.642821	0	0
																}
																{bone "lefthandindex4"
																	{Matrix34
																		1	0	0
																		0	1	0
																		0	0	1
																		0.479887	0	0
																	}
																}
															}
															{bone "l_index3"
																{parameters "LastPose = undefined;"}
																{Matrix34
																	1	0	0
																	0	1	0
																	0	0	1
																	0.634825	-0.419487	0
																}
															}
														}
														{bone "l_index2"
															{parameters "LastPose = undefined;"}
															{Position 0.858052	-0.418209	0}
														}
													}
													{bone "l_index1"
														{parameters "LastPose = undefined;"}
														{Position 0	-0.430471	0}
													}
												}
												{bone "lefthandmiddlebase"
													{parameters "LastPose = undefined;"}
													{Matrix34
														-0.0964108	0.24826	-0.963884
														-0.197277	0.944417	0.26298
														0.975596	0.215506	-0.042077
														-0.279716	0.087513	-1.50614
													}
													{bone "lefthandmiddle1"
														{Matrix34
															1	0	0
															0	1	0
															0	0	1
															0	0	0
														}
														{bone "lefthandmiddle2"
															{Matrix34
																1	0	0
																-1.13063e-05	1	0
																0	0	1
																0.99168	0	0
															}
															{bone "lefthandmiddle3"
																{Matrix34
																	1	0	-1.99303e-05
																	0	1	0
																	2.02358e-05	0	1
																	0.741718	0	0
																}
																{bone "lefthandmiddle4"
																	{Matrix34
																		1	-1.03386e-05	1.01142e-05
																		0	1	3.79384e-05
																		0	-3.76999e-05	1
																		0.56016	0	1.62125e-05
																	}
																}
															}
															{bone "l_middle3"
																{parameters "LastPose = undefined;"}
																{Matrix34
																	1	0	0
																	0	1	0
																	0	0	1
																	0.741717	-0.448395	0
																}
															}
														}
														{bone "l_middle2"
															{parameters "LastPose = undefined;"}
															{Matrix34
																1	0	0
																0	1	0
																0	0	1
																0.991682	-0.461317	0
															}
														}
													}
													{bone "l_middle1"
														{parameters "LastPose = undefined;"}
														{Matrix34
															1	0	0
															0	1	0
															0	0	1
															0	-0.463575	0
														}
													}
												}
												{bone "lefthandringbase"
													{parameters "LastPose = undefined;"}
													{Matrix34
														0.0744628	0.281914	-0.956546
														-0.197277	0.944416	0.262984
														0.977516	0.169122	0.125938
														0.181879	0.189142	-1.52485
													}
													{bone "lefthandring1"
														{Position 0	0	0}
														{bone "lefthandring2"
															{Matrix34
																1	0	0
																0	1	0
																0	0	1
																0.858051	0	0
															}
															{bone "lefthandring3"
																{Matrix34
																	1	0	0
																	0	1	7.08997e-05
																	0	-7.11381e-05	1
																	0.642823	0	0
																}
																{bone "lefthandring4"
																	{Matrix34
																		1	0	0
																		0	1	0
																		0	0	1
																		0.487396	0	0
																	}
																}
															}
															{bone "l_ring3"
																{parameters "LastPose = undefined;"}
																{Matrix34
																	1	0	0
																	0	1	0
																	0	0	1
																	0.642824	-0.517252	0
																}
															}
														}
														{bone "l_ring2"
															{parameters "LastPose = undefined;"}
															{Matrix34
																1	0	0
																0	1	0
																0	0	1
																0.858057	-0.428921	0
															}
														}
													}
													{bone "l_ring1"
														{parameters "LastPose = undefined;"}
														{Position 0	-0.493238	0}
													}
												}
												{bone "lefthandpinkybase"
													{parameters "LastPose = undefined;"}
													{Matrix34
														0.243077	0.306999	-0.920144
														-0.197278	0.944416	0.262984
														0.949734	0.117599	0.290129
														0.611537	0.282124	-1.53645
													}
													{bone "lefthandpinky1"
														{Matrix34
															1	0	0
															0	1	0
															0	0	1
															0	0	0
														}
														{bone "lefthandpinky2"
															{Matrix34
																1	0	1.39624e-05
																0	1	0
																-1.36644e-05	0	1
																0.716187	0	0
															}
															{bone "lefthandpinky3"
																{Matrix34
																	1	0	0
																	0	1	4.97997e-05
																	0	-4.94421e-05	1
																	0.535683	0	0
																}
																{bone "lefthandpinky4"
																	{Matrix34
																		1	0	0
																		0	1	0
																		0	0	1
																		0.396507	0	0
																	}
																}
															}
															{bone "l_pinky3"
																{parameters "LastPose = undefined;"}
																{Matrix34
																	1	0	0
																	0	1	0
																	0	0	1
																	0.535685	-0.47179	0
																}
															}
														}
														{bone "l_pinky2"
															{parameters "LastPose = undefined;"}
															{Matrix34
																1	0	0
																0	1	0
																0	0	1
																0.71619	-0.383928	0
															}
														}
													}
													{bone "l_pinky1"
														{parameters "LastPose = undefined;"}
														{Matrix34
															1	0	0
															0	1	0
															0	0	1
															0	-0.498642	0
														}
													}
												}
												{bone "lefthandthumbbase"
													{parameters "LastPose = undefined;"}
													{Matrix34
														-0.718791	0.324476	-0.61486
														0.527118	0.831011	-0.177673
														0.453306	-0.451814	-0.768361
														-0.606988	-0.128698	-0.0563622
													}
													{bone "lefthandthumb1"
														{Position 0	0	0}
														{bone "lefthandthumb2"
															{Matrix34
																1	1.29789e-05	1.64062e-05
																-1.38134e-05	1	0
																-1.60672e-05	0	1
																1.02929	0	0
															}
															{bone "lefthandthumb3"
																{Matrix34
																	1	-1.093e-05	-1.41487e-05
																	1.01775e-05	1	0
																	1.4618e-05	0	1
																	0.73094	0	0
																}
																{bone "bone009(mirrored)"
																	{Matrix34
																		1	0	0
																		0	1	0
																		0	0	1
																		0.529863	0	0
																	}
																}
															}
															{bone "l_thumb3"
																{parameters "LastPose = undefined;"}
																{Matrix34
																	1	0	0
																	0	1	0
																	0	0	1
																	0.730938	-0.541815	0
																}
															}
														}
														{bone "l_thumb2"
															{parameters "LastPose = undefined;"}
															{Matrix34
																1	0	0
																0	1	0
																0	0	1
																1.0293	-0.545841	0
															}
														}
													}
													{bone "l_thumb1"
														{parameters "LastPose = undefined;"}
														{Matrix34
															1	0	0
															0	1	0
															0	0	1
															0	-0.602827	0
														}
													}
												}
											}
										}
									}
								}
							}
							{bone "head"
								{Matrix34
									0.999952	0.00413717	-0.00886167
									-0.00885883	-0.000694337	-0.999961
									-0.00414227	0.999991	-0.000657611
									0	7.21457	0
								}
								{bone "visor"
									{Matrix34
										1	0	0
										0	1	0
										0	0	1
										2.31916	0	2.33291
									}
								}
								{bone "helmet_link"
									{Matrix34
										0.00885574	0.999961	0.00066492
										-0.998741	0.00887766	-0.0493838
										-0.0493864	-0.000227138	0.99878
										0.42921	-0.00263494	2.93855
									}
								}
								{bone "j_neck"
									{Matrix34
										0.293826	-0.00322289	0.955854
										-0.955819	0.00821038	0.293842
										-0.008795	-0.999961	-0.000668029
										-0.505142	0.00440989	-0.0380726
									}
									{bone "j_head_skin"
										{Matrix34
											0.957063	0.28988	0
											-0.28988	0.957063	0
											0	0	1
											1.55848	-0.000221252	0
										}
										{bone "j_brow_le_1"
											{Matrix34
												0	0	-1
												0	1	0
												1	0	0
												1.71	-2.612	-0.549
											}
										}
										{bone "j_brow_le_2"
											{Matrix34
												0	0	-1
												0	1	0
												1	0	0
												1.718	-2.467	-1.002
											}
										}
										{bone "j_brow_le_3"
											{Matrix34
												0	0	-1
												0	1	0
												1	0	0
												1.5355	-2.1785	-1.217
											}
										}
										{bone "j_brow_ri_1"
											{Matrix34
												0	0	-1
												0	1	0
												1	0	0
												1.6985	-2.622	0.358
											}
										}
										{bone "j_brow_ri_2"
											{Matrix34
												0	0	-1
												0	1	0
												1	0	0
												1.7065	-2.493	0.8005
											}
										}
										{bone "j_brow_ri_3"
											{Matrix34
												0	0	-1
												0	1	0
												1	0	0
												1.493	-2.281	0.945
											}
										}
										{bone "j_cheek_le_1"
											{Matrix34
												0	0	-1
												0	1	0
												1	0	0
												0.917496	-2.423	-0.6615
											}
										}
										{bone "j_cheek_le_2"
											{Matrix34
												0	0	-1
												0	1	0
												1	0	0
												0.842995	-2.1315	-1.2915
											}
										}
										{bone "j_cheek_puff_le"
											{Matrix34
												0	0	-1
												0	1	0
												1	0	0
												0.1035	-1.9995	-1.2775
											}
										}
										{bone "j_cheek_puff_ri"
											{Matrix34
												0	0	-1
												0	1	0
												1	0	0
												0.129002	-1.981	1.108
											}
										}
										{bone "j_cheek_ri_1"
											{Matrix34
												0	0	-1
												0	1	0
												1	0	0
												0.914497	-2.429	0.4835
											}
										}
										{bone "j_cheek_ri_2"
											{Matrix34
												0	0	-1
												0	1	0
												1	0	0
												0.839001	-2.1335	1.113
											}
										}
										{bone "j_chin"
											{Matrix34
												0	0	-1
												0	1	0
												1	0	0
												-0.582001	-2.771	-0.0685
											}
										}
										{bone "j_eye_lid_bot_le"
											{Matrix34
												0	0	-1
												0	1	0
												1	0	0
												1.3875	-2.393	-0.7665
											}
										}
										{bone "j_eye_lid_bot_ri"
											{Matrix34
												0	0	-1
												0	1	0
												1	0	0
												1.381	-2.3895	0.5415
											}
										}
										{bone "j_eye_lid_top_le"
											{Matrix34
												0	0	-1
												0	1	0
												1	0	0
												1.5605	-2.412	-0.7895
											}
										}
										{bone "j_eye_lid_top_le_1"
											{Matrix34
												0	0	-1
												0	1	0
												1	0	0
												1.5755	-2.457	-0.796
											}
										}
										{bone "j_eye_lid_top_ri"
											{Matrix34
												0	0	-1
												0	1	0
												1	0	0
												1.5455	-2.41	0.5855
											}
										}
										{bone "j_eye_lid_top_ri_1"
											{Matrix34
												0	0	-1
												0	1	0
												1	0	0
												1.571	-2.4635	0.5475
											}
										}
										{bone "j_eyeball_le"
											{Matrix34
												0	0	-1
												0	1	0
												1	0	0
												1.4925	-2.046	-0.7495
											}
										}
										{bone "j_eyeball_ri"
											{Matrix34
												0	0	-1
												0	1	0
												1	0	0
												1.474	-2.05	0.533
											}
										}
										{bone "j_eyelash_bot_le_1"
											{Matrix34
												0	0	-1
												0	1	0
												1	0	0
												1.397	-2.31	-0.92
											}
										}
										{bone "j_eyelash_bot_le_2"
											{Matrix34
												0	0	-1
												0	1	0
												1	0	0
												1.4155	-2.3795	-0.611
											}
										}
										{bone "j_eyelash_bot_ri_1"
											{Matrix34
												0	0	-1
												0	1	0
												1	0	0
												1.4235	-2.34	0.37
											}
										}
										{bone "j_eyelash_bot_ri_2"
											{Matrix34
												0	0	-1
												0	1	0
												1	0	0
												1.391	-2.316	0.7165
											}
										}
										{bone "j_eyelash_top_le_1"
											{Matrix34
												0	0	-1
												0	1	0
												1	0	0
												1.499	-2.3015	-0.9315
											}
										}
										{bone "j_eyelash_top_le_2"
											{Matrix34
												0	0	-1
												0	1	0
												1	0	0
												1.5385	-2.3825	-0.6
											}
										}
										{bone "j_eyelash_top_ri_1"
											{Matrix34
												0	0	-1
												0	1	0
												1	0	0
												1.522	-2.37	0.4095
											}
										}
										{bone "j_eyelash_top_ri_2"
											{Matrix34
												0	0	-1
												0	1	0
												1	0	0
												1.493	-2.3185	0.7305
											}
										}
										{bone "j_forehead"
											{Matrix34
												0	0	-1
												0	1	0
												1	0	0
												2.1115	-2.6635	-0.084
											}
										}
										{bone "j_forehead_le_1"
											{Matrix34
												0	0	-1
												0	1	0
												1	0	0
												2.125	-2.532	-0.811
											}
										}
										{bone "j_forehead_ri_1"
											{Matrix34
												0	0	-1
												0	1	0
												1	0	0
												2.124	-2.6275	0.478
											}
										}
										{bone "j_furrow_le"
											{Matrix34
												0	0	-1
												0	1	0
												1	0	0
												1.72	-2.6665	-0.186
											}
										}
										{bone "j_furrow_ri"
											{Matrix34
												0	0	-1
												0	1	0
												1	0	0
												1.7165	-2.672	0.00749997
											}
										}
										{bone "j_insidegum"
											{Matrix34
												0	0	-1
												0	1	0
												1	0	0
												-0.403	-2.6	-0.073
											}
										}
										{bone "j_insidegum_le_1"
											{Matrix34
												0	0	-1
												0	1	0
												1	0	0
												-0.181	-1.7225	-1.178
											}
										}
										{bone "j_insidegum_ri_1"
											{Matrix34
												0	0	-1
												0	1	0
												1	0	0
												-0.0330009	-1.846	1.0185
											}
										}
										{bone "j_levator_le_1"
											{Matrix34
												0	0	-1
												0	1	0
												1	0	0
												0.704502	-2.701	-0.45
											}
										}
										{bone "j_levator_le_2"
											{Matrix34
												0	0	-1
												0	1	0
												1	0	0
												0.800495	-2.5225	-0.447
											}
										}
										{bone "j_levator_ri_1"
											{Matrix34
												0	0	-1
												0	1	0
												1	0	0
												0.700001	-2.6945	0.2725
											}
										}
										{bone "j_levator_ri_2"
											{Matrix34
												0	0	-1
												0	1	0
												1	0	0
												0.798496	-2.526	0.271
											}
										}
										{bone "j_lip_bot"
											{Matrix34
												0	0	-1
												0	1	0
												1	0	0
												0.105999	-2.6835	-0.078
											}
										}
										{bone "j_lip_bot_le_1"
											{Matrix34
												0	0	-1
												0	1	0
												1	0	0
												0.107506	-2.654	-0.22
											}
										}
										{bone "j_lip_bot_le_2"
											{Matrix34
												0	0	-1
												0	1	0
												1	0	0
												0.102497	-2.519	-0.441
											}
										}
										{bone "j_lip_bot_le_3"
											{Matrix34
												0	0	-1
												0	1	0
												1	0	0
												0.0744972	-2.386	-0.5555
											}
										}
										{bone "j_lip_bot_le_4"
											{Matrix34
												0	0	-1
												0	1	0
												1	0	0
												-0.0880013	-2.6605	-0.469
											}
										}
										{bone "j_lip_bot_ri_1"
											{Matrix34
												0	0	-1
												0	1	0
												1	0	0
												0.101501	-2.6435	0.0665
											}
										}
										{bone "j_lip_bot_ri_2"
											{Matrix34
												0	0	-1
												0	1	0
												1	0	0
												0.0999985	-2.554	0.2155
											}
										}
										{bone "j_lip_bot_ri_3"
											{Matrix34
												0	0	-1
												0	1	0
												1	0	0
												0.074501	-2.41	0.362
											}
										}
										{bone "j_lip_bot_ri_4"
											{Matrix34
												0	0	-1
												0	1	0
												1	0	0
												-0.0865021	-2.6575	0.3065
											}
										}
										{bone "j_lip_inside_le_1"
											{Matrix34
												0	0	-1
												0	1	0
												1	0	0
												-0.093998	-2.551	-0.1995
											}
										}
										{bone "j_lip_inside_ri_1"
											{Matrix34
												0	0	-1
												0	1	0
												1	0	0
												-0.0920029	-2.5445	0.0485
											}
										}
										{bone "j_lip_top"
											{Matrix34
												0	0	-1
												0	1	0
												1	0	0
												0.0955048	-2.699	-0.078
											}
										}
										{bone "j_lip_top_le_1"
											{Matrix34
												0	0	-1
												0	1	0
												1	0	0
												0.105003	-2.664	-0.2295
											}
										}
										{bone "j_lip_top_le_2"
											{Matrix34
												0	0	-1
												0	1	0
												1	0	0
												0.106495	-2.5195	-0.43
											}
										}
										{bone "j_lip_top_le_3"
											{Matrix34
												0	0	-1
												0	1	0
												1	0	0
												0.0959969	-2.4265	-0.55
											}
										}
										{bone "j_lip_top_le_4"
											{Matrix34
												0	0	-1
												0	1	0
												1	0	0
												0.312004	-2.681	-0.442
											}
										}
										{bone "j_lip_top_ri_1"
											{Matrix34
												0	0	-1
												0	1	0
												1	0	0
												0.0994949	-2.653	0.077
											}
										}
										{bone "j_lip_top_ri_2"
											{Matrix34
												0	0	-1
												0	1	0
												1	0	0
												0.1045	-2.5565	0.2045
											}
										}
										{bone "j_lip_top_ri_3"
											{Matrix34
												0	0	-1
												0	1	0
												1	0	0
												0.0864983	-2.468	0.3545
											}
										}
										{bone "j_lip_top_ri_4"
											{Matrix34
												0	0	-1
												0	1	0
												1	0	0
												0.304001	-2.6825	0.261
											}
										}
										{bone "j_lowergum"
											{Matrix34
												0	0	-1
												0	1	0
												1	0	0
												-0.163	-2.5465	-0.129
											}
										}
										{bone "j_mouthcorner_le"
											{Matrix34
												0	0	-1
												0	1	0
												1	0	0
												0.093998	-2.413	-0.5685
											}
										}
										{bone "j_mouthcorner_ri"
											{Matrix34
												0	0	-1
												0	1	0
												1	0	0
												0.0875015	-2.4035	0.3875
											}
										}
										{bone "j_nasolabial_le_1"
											{Matrix34
												0	0	-1
												0	1	0
												1	0	0
												0.624996	-2.4535	-0.634
											}
										}
										{bone "j_nasolabial_le_2"
											{Matrix34
												0	0	-1
												0	1	0
												1	0	0
												0.0610008	-2.376	-0.9535
											}
										}
										{bone "j_nasolabial_le_3"
											{Matrix34
												0	0	-1
												0	1	0
												1	0	0
												-0.2955	-2.397	-0.845
											}
										}
										{bone "j_nasolabial_le_4"
											{Matrix34
												0	0	-1
												0	1	0
												1	0	0
												0.359001	-2.4345	-0.8505
											}
										}
										{bone "j_nasolabial_ri_1"
											{Matrix34
												0	0	-1
												0	1	0
												1	0	0
												0.614998	-2.468	0.4475
											}
										}
										{bone "j_nasolabial_ri_2"
											{Matrix34
												0	0	-1
												0	1	0
												1	0	0
												0.0794983	-2.3615	0.777
											}
										}
										{bone "j_nasolabial_ri_3"
											{Matrix34
												0	0	-1
												0	1	0
												1	0	0
												-0.2805	-2.3815	0.683
											}
										}
										{bone "j_nasolabial_ri_4"
											{Matrix34
												0	0	-1
												0	1	0
												1	0	0
												0.368999	-2.4295	0.668
											}
										}
										{bone "j_nose_tip"
											{Matrix34
												0	0	-1
												0	1	0
												1	0	0
												0.779999	-3.1145	-0.0835
											}
										}
										{bone "j_periorbital_le_1"
											{Matrix34
												0	0	-1
												0	1	0
												1	0	0
												1.27349	-2.405	-0.4245
											}
										}
										{bone "j_periorbital_le_2"
											{Matrix34
												0	0	-1
												0	1	0
												1	0	0
												1.16949	-2.3375	-0.816
											}
										}
										{bone "j_periorbital_le_3"
											{Matrix34
												0	0	-1
												0	1	0
												1	0	0
												1.30149	-2.129	-1.107
											}
										}
										{bone "j_periorbital_ri_1"
											{Matrix34
												0	0	-1
												0	1	0
												1	0	0
												1.265	-2.4055	0.229
											}
										}
										{bone "j_periorbital_ri_2"
											{Matrix34
												0	0	-1
												0	1	0
												1	0	0
												1.1495	-2.3435	0.6175
											}
										}
										{bone "j_periorbital_ri_3"
											{Matrix34
												0	0	-1
												0	1	0
												1	0	0
												1.2825	-2.127	0.916
											}
										}
										{bone "j_temple_le"
											{Matrix34
												0	0	-1
												0	1	0
												1	0	0
												1.9245	-1.5725	-1.48
											}
										}
										{bone "j_temple_ri"
											{Matrix34
												0	0	-1
												0	1	0
												1	0	0
												1.926	-1.604	1.302
											}
										}
										{bone "j_tongue_1"
											{Matrix34
												-0.0608861	-0.998145	0
												0	0	-1
												0.998145	-0.060886	0
												0.0200005	-1.83	-0.0855
											}
											{bone "j_tongue_2"
												{Position 0.221411	0	-1.52588e-05}
												{bone "j_tongue_3"
													{Position 0.220912	0	-4.95911e-05}
												}
											}
										}
										{bone "j_underchin"
											{Matrix34
												0	0	-1
												0	1	0
												1	0	0
												-1.0055	-2.1365	-0.071
											}
