;Exported by: Xpycmb
;Date:        Wed Jan  1 18:46:32 2025
;File:        C:\Users\Xpycmb\Documents\3ds Max 2020\scenes\hunter_base_class_d.max
{Skeleton
	(include "anim_instance.inc")	
	{bone revolute "basis"
		{limits 0 -0}
		{speed 0.2}
		{Orientation
			1	0	0
			0	-1	0
			0	0	1
		}
		{bone "placement"
			{parameters "Clear;"}
		}
		{bone "reference"
			{parameters "Clear;"}
			{Orientation
				0	-1	0
				0	0	1
				-1	0	0
			}
			{bone "hips"
				{parameters "Clear;"}
				{Matrix34
					0	0.936506	0.350653
					0	-0.350653	0.936506
					1	0	0
					0	29.2397	0.96988
				}
				{bone "rightupleg"
					{parameters "Clear;"}
					{Matrix34
						-0.989837	-0.142207	-0.000166144
						0.142207	-0.989837	-0.000304911
						-0.00012112	-0.000325483	1
						0.457661	-0.136608	3.88855
					}
					{bone "rightleg"
						{parameters "Clear;"}
						{Matrix34
							0.1887	-0.982001	0.00809519
							-0.982022	-0.188649	0.00669303
							-0.00504545	-0.00921267	-0.999945
							12.4409	0	0
						}
						{bone "rightfoot"
							{parameters "Clear;"}
							{Matrix34
								0.333367	-0.942791	-0.00352772
								-0.942758	-0.333385	0.00781445
								-0.00854351	0.000720667	-0.999963
								13.1571	0	0
							}
							{bone "rightfoot_sm"
								{parameters "Id=RightFoot;"}
								{Matrix34
									0.343761	0.938904	0.0169779
									0.000202542	0.0180056	-0.999838
									-0.939058	0.343708	0.00599944
									-1.47408	9.13964	6.30905
								}
								{VolumeView "rightfoot_sm.ply"}
							}
							{bone prizmatic "suspension_r"
								{limits -0.03 0.03}
								{speed2 5}
								{Matrix34
									-0.000202633	-0.0180065	0.999838
									0.343761	0.938904	0.0169787
									-0.939057	0.343709	0.00599968
									7.27904	-0.0646993	3.18358
								}
								{bone "righttoebase"
									{parameters "Clear;"}
									{Matrix34
										0	0	-1
										0	1	0
										1	0	0
										0	0	0
									}
									{bone "righttoe1"
										{parameters "Clear;"}
										{Matrix34
											0	1	0
											-1	0	0
											0	0	1
											1.70437	4.08171	-0.00427198
										}
									}
									{bone "righttoe2"
										{parameters "Clear;"}
										{Matrix34
											0	0	-1
											-1	0	0
											0	1	0
											2.10641	0.3972	-2.21058
										}
									}
									{bone "righttoe3"
										{parameters "Clear;"}
										{Matrix34
											0	-1	0
											-1	0	0
											0	0	-1
											2.34571	-1.9074	-0.00427294
										}
									}
									{bone "righttoe4"
										{parameters "Clear;"}
										{Matrix34
											0	0	1
											-1	0	0
											0	-1	0
											2.1153	0.353042	2.29677
										}
									}
									{bone "rightpiston_foottotoe_backbasedeform"
										{parameters "Clear;"}
										{Matrix34
											-0.174882	0.984589	0
											0.00177338	0.000316021	-0.999998
											-0.984588	-0.174882	-0.00180127
											-0.404565	-1.70702	0.0325103
										}
									}
									{bone "rightpiston_foottotoe_frontbasedeform"
										{parameters "Clear;"}
										{Matrix34
											-0.313264	0.949666	0
											0.00889489	0.00293491	-0.999956
											-0.949624	-0.313251	-0.00936656
											-1.07245	1.84166	0.0585389
										}
									}
									{bone "righttoe_skm"
										{parameters "CommonMesh;ID=RightToe;"}
										{Matrix34
											0	1	0
											0	0	-1
											-1	0	0
											2.28023	1.69993	0.0423594
										}
										{VolumeView "righttoe_skm.ply"}
									}
									{bone "righttoebase_sm"
										{parameters "Id=RightToeBase;"}
										{Matrix34
											0	1	0
											0	0	-1
											-1	0	0
											0.898708	1.23219	0.00275326
										}
										{VolumeView "righttoebase_sm.ply"}
									}
									{bone "footstep_hoof_r"
										{Matrix34
											0	1	0
											0	0	-1
											-1	0	0
											3.45745	1.69993	0.0423617
										}
									}
									{bone "rightpiston_foottotoe_frontbasedeform_target"
										{Matrix34
											-0.949278	-0.314359	-0.00713118
											-0.314435	0.9489	0.0268383
											-0.00167009	0.0277192	-0.999614
											-1.07245	1.84166	0.058537
										}
									}
									{bone "rightpiston_foottotoe_backbasedeform_target"
										{Matrix34
											-0.984359	-0.176172	-4.74262e-05
											-0.176166	0.984325	0.00831769
											-0.0014187	0.00819595	-0.999965
											-0.404565	-1.70702	0.0325074
										}
									}
								}
								{bone revolute "wheelr"
									{parameters "ID=wheelleft;Radius=3;"}
									{Matrix34
										-1	0	0
										0	0	1
										0	1	0
										0.0423613	1.69993	-3.45745
									}
								}
							}
							{bone "rightpiston_foottotoe_backbaseupper"
								{parameters "Clear;"}
								{Matrix34
									-0.174239	-0.984543	-0.0177672
									0.00197542	0.0176936	-0.999842
									0.984702	-0.174246	-0.00113803
									0.277673	-0.461109	3.1965
								}
								{bone "rightpiston_foottotoe_back"
									{parameters "CommonMesh;Id=RightFoot;"}
									{Matrix34
										-0.999998	-0.000319393	-0.00179906
										0	0.98459	-0.174882
										0.00182731	-0.174881	-0.984588
										0.010721	0.150773	3.71287
									}
									{VolumeView "rightpiston_foottotoe_back.ply"}
								}
								{bone "rightpiston_foot_back"
									{parameters "CommonMesh;ID;"}
									{Matrix34
										-0.999998	-0.00031989	-0.00179905
										0	0.98459	-0.174882
										0.00182731	-0.174881	-0.984588
										0.00849509	0.149698	3.71314
									}
									{VolumeView "rightpiston_foot_back.ply"}
								}
							}
							{bone "rightpiston_foottotoe_frontbaseupper_target"
								{Matrix34
									0.999875	-0.01188	0.0104389
									-0.0111362	-0.99758	-0.0686275
									0.0112289	0.0685026	-0.997588
									0.482844	2.24051	3.22207
								}
							}
							{bone "rightpiston_foottotoe_backbaseupper_target"
								{Matrix34
									0.984489	-0.175342	-0.00609757
									0.175438	0.983463	0.0449623
									-0.00188698	-0.0453346	0.99897
									0.277672	-0.46111	3.1965
								}
							}
						}
						{bone "rightpiston_uplegtoleg_backbasedeform"
							{parameters "Clear;"}
							{Matrix34
								-0.433588	-0.901057	-0.00985989
								-0.004743	-0.00865975	0.999951
								-0.901098	0.433614	-0.000518949
								8.79281	1.20658	-3.28342
							}
						}
						{bone "rightpiston_uplegtoleg_frontbasedeform"
							{parameters "Clear;"}
							{Matrix34
								-0.984625	-0.174426	-0.00944374
								-0.00910302	-0.0027525	0.999955
								-0.174444	0.984666	0.00112236
								-1.88094	0.588827	-3.30603
							}
						}
						{bone "rightpiston_foottotoe_frontbaseupper"
							{parameters "Clear;"}
							{Matrix34
								0.931506	0.363581	0.0103082
								-0.00496051	-0.0156389	0.999866
								0.363694	-0.931431	-0.0127642
								11.1783	-1.19985	-3.20615
							}
							{bone "rightpiston_foottotoe_front"
								{parameters "CommonMesh;Id=RightLeg;"}
								{Matrix34
									-0.999951	-0.00308872	-0.0093644
									0	0.949671	-0.313251
									0.0098604	-0.313236	-0.949624
									0.0285923	-0.0267825	3.26512
								}
								{VolumeView "rightpiston_foottotoe_front.ply"}
							}
						}
						{bone "rightleg_sm"
							{parameters "Id=RightLeg;"}
							{Matrix34
								-0.770706	-0.637098	-0.010853
								-0.00836491	-0.00691488	0.999941
								-0.637135	0.770752	0
								6.5184	0.461086	-2.94003
							}
							{VolumeView "rightleg_sm.ply"}
						}
						{bone "rightpiston_uplegtoleg_frontbasedeform_target"
							{Matrix34
								-0.17702	0.984207	0.0011559
								-0.984202	-0.177014	-0.00353687
								-0.00327642	-0.00176362	0.999993
								-1.88094	0.588827	-3.30603
							}
						}
						{bone "rightpiston_uplegtoleg_backbasedeform_target"
							{Matrix34
								-0.901875	0.431913	-0.00859541
								0.431705	0.901817	0.0188714
								0.0159022	0.013309	-0.999785
								8.79281	1.20658	-3.28342
							}
						}
					}
					{bone "rightcablelegsm"
						{parameters "Clear;"}
						{Matrix34
							0.990992	0.0585418	-0.120452
							-0.0806003	0.978988	-0.187315
							0.106956	0.195336	0.974887
							1.16907	0.499836	7.2364
						}
						{bone "rightcablelegsm1"
							{parameters "Clear;"}
							{Position 8.08968	0	0}
						}
					}
					{bone "rightpiston_uplegtoleg_backbaseupper"
						{parameters "Clear;"}
						{Matrix34
							-0.803089	-0.595859	-0.000318698
							0.00256375	-0.0029205	-0.999993
							0.595853	-0.803084	0.00387303
							6.44641	-0.090992	3.32034
						}
						{bone "rightpiston_uplegtoleg_back"
							{parameters "CommonMesh;ID;"}
							{Matrix34
								-0.99999	0.00185126	-0.00402057
								0	0.90834	0.418233
								0.00442603	0.418229	-0.908331
								-0.0209503	0.0523481	5.97093
							}
							{VolumeView "rightpiston_uplegtoleg_back.ply"}
						}
					}
					{bone "rightpiston_uplegtoleg_frontbaseupper"
						{parameters "Clear;"}
						{Matrix34
							0.0144601	-0.999895	-0.000305129
							-0.0040599	0.00024634	-0.999992
							0.999887	0.0144612	-0.00405596
							5.08414	1.67331	3.32069
						}
						{bone "rightpiston_uplegtoleg_front"
							{parameters "CommonMesh;ID;"}
							{Matrix34
								-0.999988	0.00239523	0.00422856
								0	0.870088	-0.492896
								-0.00486004	-0.49289	-0.870078
								-0.00226116	-0.00558567	3.52924
							}
							{VolumeView "rightpiston_uplegtoleg_front.ply"}
						}
					}
					{bone "rightupleg_sm"
						{parameters "Id=RightUpLeg;"}
						{Matrix34
							0.480266	0.877123	0.000349543
							0.000167999	0.00030648	-1
							-0.877123	0.480266	0
							4.6403	-0.78095	3.03187
						}
						{VolumeView "rightupleg_sm.ply"}
					}
					{bone "armour_prot_right"
						{parameters "Id=armour_prot_right;"}
						{Matrix34
							0.480267	0.877123	0.000349539
							0.000168003	0.000306484	-1
							-0.877123	0.480266	0
							0.990112	3.4514	3.40194
						}
						{VolumeView "armour_prot_right.ply"}
					}
					{bone "rightpiston_uplegtoleg_frontbaseupper_target"
						{Matrix34
							0.999921	0.012428	-0.001782
							-0.0124412	0.999893	-0.00766839
							0.00168656	0.00769003	0.999969
							5.08414	1.67331	3.32069
						}
					}
					{bone "rightpiston_uplegtoleg_backbaseupper_target"
						{Matrix34
							0.594815	-0.803861	0.00189741
							-0.803845	-0.594784	0.00807241
							-0.00536056	-0.00632692	-0.999966
							6.44641	-0.090992	3.32034
						}
					}
				}
				{bone "leftupleg"
					{parameters "Clear;"}
					{Matrix34
						0.989837	0.142207	-0.000168455
						-0.142207	0.989837	-0.000308799
						0.000122805	0.000329571	1
						0.457689	-0.136639	-3.88855
					}
					{bone "leftleg"
						{parameters "Clear;"}
						{Matrix34
							0.188701	-0.982001	0.00809522
							-0.982022	-0.18865	0.00669308
							-0.00504541	-0.00921264	-0.999945
							-12.441	4.19617e-05	-1.14441e-05
						}
						{bone "leftfoot"
							{parameters "Clear;"}
							{Matrix34
								0.333367	-0.942791	-0.00352769
								-0.942759	-0.333385	0.00781448
								-0.00854348	0.000720702	-0.999963
								-13.1571	-2.67029e-05	0
							}
							{bone "leftpiston_foottotoe_backbaseupper"
								{parameters "Clear;"}
								{Matrix34
									0.174239	0.984543	0.0177647
									0.00197491	0.0176912	-0.999842
									-0.984701	0.174247	0.00113807
									-0.277677	0.461118	-3.1965
								}
								{bone "leftpiston_foottotoe_back"
									{parameters "CommonMesh;Id=LeftFoot;"}
									{Matrix34
										-0.999998	0.000319665	0.00179955
										0	0.984589	-0.174883
										-0.00182773	-0.174883	-0.984588
										-0.0107098	0.150776	3.71286
									}
									{VolumeView "leftpiston_foottotoe_back.ply"}
								}
							}
							{bone "leftfoot_sm"
								{parameters "Id=LeftFoot;"}
								{Matrix34
									-0.343761	-0.938904	-0.016978
									0.000203166	0.0180055	-0.999838
									0.939057	-0.343708	-0.00599882
									-2.99611	-0.494549	-3.68882
								}
								{VolumeView "leftfoot_sm.ply"}
							}
							{bone prizmatic "suspension_l"
								{limits -0.03 0.03}
								{speed2 5}
								{Matrix34
									0.000202608	0.018007	-0.999838
									0.343763	0.938903	0.0169791
									0.939056	-0.343711	-0.00599993
									-7.27904	0.0647092	-3.18359
								}
								{bone "lefttoebase"
									{parameters "Clear;"}
									{Orientation
										0	0	1
										0	1	0
										-1	0	0
									}
									{bone "lefttoe1"
										{parameters "Clear;"}
										{Matrix34
											0	1	0
											-1	0	0
											0	0	1
											-1.70436	-4.08171	0.00428629
										}
									}
									{bone "lefttoe2"
										{parameters "Clear;"}
										{Matrix34
											0	0	-1
											-1	0	0
											0	1	0
											-2.1064	-0.397201	2.2106
										}
									}
									{bone "lefttoe3"
										{parameters "Clear;"}
										{Matrix34
											0	-1	0
											-1	0	0
											0	0	-1
											-2.3457	1.90741	0.00428391
										}
									}
									{bone "lefttoe4"
										{parameters "Clear;"}
										{Matrix34
											0	0	1
											-1	0	0
											0	-1	0
											-2.11529	-0.35305	-2.29677
										}
									}
									{bone "leftpiston_foottotoe_backbasedeform"
										{parameters "Clear;"}
										{Matrix34
											0.174881	-0.98459	0
											0.00177234	0.000313158	-0.999998
											0.984588	0.174881	0.00179972
											0.404565	1.70702	-0.0324974
										}
										{bone "leftpiston_foottotoe_backbasedeformend"
											{parameters "Clear;"}
											{Position -2.23857	0	0}
										}
									}
									{bone "leftpiston_foottotoe_frontbasedeform"
										{parameters "Clear;"}
										{Matrix34
											0.313263	-0.949667	0
											0.00889653	0.00293279	-0.999956
											0.949625	0.313249	0.00936747
											1.07245	-1.84166	-0.058538
										}
										{bone "leftpiston_foottotoe_frontbasedeformend"
											{parameters "Clear;"}
											{Position -4.31719	0	0}
										}
									}
									{bone "lefttoe_skm"
										{parameters "CommonMesh;ID=LeftToe;"}
										{Matrix34
											0	-1	0
											0	0	-1
											1	0	0
											-2.28022	-1.69993	-0.0423536
										}
										{VolumeView "lefttoe_skm.ply"}
									}
									{bone "lefttoebase_sm"
										{parameters "Id=LeftToeBase;"}
										{Matrix34
											0	-1	0
											0	0	-1
											1	0	0
											-0.898701	-1.23219	-0.00274706
										}
										{VolumeView "lefttoebase_sm.ply"}
									}
									{bone "footstep_hoof_l"
										{Matrix34
											0	-1	0
											0	0	-1
											1	0	0
											-3.40974	-1.69993	-0.0423551
										}
									}
									{bone "leftpiston_foottotoe_frontbasedeform_target"
										{Matrix34
											-0.949278	-0.314358	-0.00712893
											-0.314435	0.9489	0.0268397
											-0.00167266	0.02772	-0.999614
											1.07245	-1.84166	-0.058538
										}
									}
									{bone "leftpiston_foottotoe_backbasedeform_target"
										{Matrix34
											-0.98436	-0.176171	-4.50013e-05
											-0.176166	0.984325	0.00831886
											-0.00142128	0.00819673	-0.999965
											0.404565	1.70702	-0.0324979
										}
									}
								}
								{bone revolute "wheell"
									{parameters "ID=wheelleft;Radius=3;"}
									{Matrix34
										1	0	0
										0	0	1
										0	-1	0
										0.0423551	-1.69994	-3.40973
									}
								}
							}
							{bone "leftpiston_foottotoe_backbaseupper_target"
								{Matrix34
									0.984927	-0.172973	-0.000181043
									0.172967	0.984882	0.00945187
									-0.00145661	-0.00934073	0.999955
									-0.277678	0.461118	-3.1965
								}
							}
						}
						{bone "leftpiston_uplegtoleg_backbasedeform"
							{parameters "Clear;"}
							{Matrix34
								0.433589	0.901057	0.00985707
								-0.00474298	-0.00865675	0.999951
								0.901099	-0.433614	0.000520368
								-8.7928	-1.20662	3.28341
							}
							{bone "leftpiston_uplegtoleg_backbasedeformend"
								{parameters "Clear;"}
								{Position -4.9368	0	0}
							}
						}
						{bone "leftpiston_uplegtoleg_frontbasedeform"
							{parameters "Clear;"}
							{Matrix34
								0.984625	0.174429	0.00944179
								-0.00910157	-0.00275067	0.999955
								0.174447	-0.984666	-0.00112077
								1.881	-0.588903	3.30602
							}
							{bone "leftpiston_uplegtoleg_frontbasedeformend"
								{parameters "Clear;"}
								{Position -2.41337	0	0}
							}
						}
						{bone "leftpiston_foottotoe_frontbaseupper"
							{parameters "Clear;"}
							{Matrix34
								-0.931505	-0.363583	-0.0103058
								-0.00495782	-0.0156396	0.999865
								-0.363695	0.931431	0.0127657
								-11.1782	1.19983	3.20615
							}
							{bone "leftpiston_foottotoe_front"
								{parameters "CommonMesh;Id=LeftLeg;"}
								{Matrix34
									-0.999951	0.00308958	0.00936696
									0	0.94967	-0.313251
									-0.00986299	-0.313236	-0.949624
									-0.0285929	-0.026782	3.26511
								}
								{VolumeView "leftpiston_foottotoe_front.ply"}
							}
						}
						{bone "leftleg_sm"
							{parameters "Id=LeftLeg;"}
							{Matrix34
								0.770707	0.637098	0.0108531
								-0.00836478	-0.00691521	0.999941
								0.637135	-0.770752	0
								-6.53038	-0.446585	2.94003
							}
							{VolumeView "leftleg_sm.ply"}
						}
						{bone "leftpiston_foottotoe_frontbaseupper_target"
							{Matrix34
								0.344261	-0.938849	-0.00683545
								0.938199	0.343728	0.0404295
								-0.0356077	-0.0203314	0.999159
								-11.1783	1.19983	3.20615
							}
						}
						{bone "leftpiston_uplegtoleg_backbasedeform_target"
							{Matrix34
								-0.901942	0.431857	0.00052067
								0.431856	0.901942	-0.000826846
								-0.000826719	-0.000520838	-1
								-8.7928	-1.20662	3.28341
							}
						}
						{bone "leftpiston_uplegtoleg_frontbasedeform_target"
							{Matrix34
								-0.17645	0.984309	0.0011573
								-0.984164	-0.176403	-0.0174267
								-0.0169492	-0.00421387	0.999847
								1.881	-0.588906	3.30602
							}
						}
					}
					{bone "leftcablelegsm"
						{parameters "Clear;"}
						{Matrix34
							0.990992	0.0585421	-0.120452
							-0.0806006	0.978988	-0.187315
							0.106955	0.195336	0.974887
							-1.16911	-0.499821	-7.23639
						}
						{bone "leftcablelegsm1"
							{parameters "Clear;"}
							{Position -8.08975	4.29153e-05	0}
						}
					}
					{bone "leftpiston_uplegtoleg_backbaseupper"
						{parameters "Clear;"}
						{Matrix34
							0.803089	0.59586	0.000315653
							0.00256058	-0.00292129	-0.999993
							-0.595854	0.803083	-0.00387179
							-6.44642	0.090991	-3.32035
						}
						{bone "leftpiston_uplegtoleg_back"
							{parameters "CommonMesh;Id=LeftUpLeg;"}
							{Matrix34
								-0.99999	-0.00185028	0.00401866
								0	0.90834	0.418232
								-0.00442442	0.418228	-0.908331
								0.020956	0.0523472	5.97096
							}
							{VolumeView "leftpiston_uplegtoleg_back.ply"}
						}
					}
					{bone "leftpiston_uplegtoleg_frontbaseupper"
						{parameters "Clear;"}
						{Matrix34
							-0.0144596	0.999895	0.000303152
							-0.00406196	0.000244509	-0.999992
							-0.999887	-0.0144607	0.00405802
							-5.08412	-1.67332	-3.3207
						}
						{bone "leftpiston_uplegtoleg_front"
							{parameters "CommonMesh;ID;"}
							{Matrix34
								-0.999988	-0.00239579	-0.00422889
								0	0.870089	-0.492895
								0.00486037	-0.492889	-0.870079
								0.00245667	-0.025466	3.49414
							}
							{VolumeView "leftpiston_uplegtoleg_front.ply"}
						}
					}
					{bone "leftupleg_sm"
						{parameters "Id=LeftUpLeg;"}
						{Matrix34
							-0.480267	-0.877122	-0.000349556
							0.000168183	0.000306495	-1
							0.877123	-0.480267	0
							-4.64033	0.780964	-3.03187
						}
						{VolumeView "leftupleg_sm.ply"}
						{bone "hunter_leftupleg_prototype_decal"
							{Matrix34
								2.48491e-05	1	-3.96057e-05
								-1	2.48765e-05	-0.000469595
								-0.000469773	3.96265e-05	1
								4.06808	2.64191	-4.9253
							}
						}
					}
					{bone "armour_prot_left"
						{parameters "Id=armour_prot_left;"}
						{Matrix34
							-0.480266	-0.877123	-0.000349496
							0.000168154	0.000306443	-1
							0.877123	-0.480266	0
							-0.990141	-3.45138	-3.40194
						}
						{VolumeView "armour_prot_left.ply"}
					}
					{bone "leftpiston_uplegtoleg_backbaseupper_target"
						{Matrix34
							0.594277	-0.804257	0.00219216
							-0.80424	-0.594241	0.00870615
							-0.00569927	-0.0069369	-0.99996
							-6.44641	0.0909901	-3.32035
						}
					}
					{bone "leftpiston_uplegtoleg_frontbaseupper_target"
						{Matrix34
							0.999921	0.0124267	-0.00212415
							-0.0124438	0.999888	-0.00827781
							0.00202107	0.00830357	0.999964
							-5.08412	-1.67332	-3.3207
						}
					}
				}
				{bone "right_spinedown_01"
					{parameters "Clear;"}
					{Matrix34
						0.914428	-0.302141	0.269318
						0.208453	-0.218808	-0.953242
						0.346942	0.927812	-0.137102
						2.94069	-2.91914	0.806289
					}
				}
				{bone "right_spinedown_02"
					{parameters "Clear;"}
					{Matrix34
						0.764677	-0.644368	-0.00770736
						0.644332	0.764333	0.0251318
						-0.0103032	-0.0241838	0.999655
						4.47117	0.512444	3.18809
					}
				}
				{bone "right_spinedown_03"
					{parameters "Clear;"}
					{Matrix34
						0.918584	-0.353422	-0.176907
						0.180032	-0.0243028	0.983361
						-0.351841	-0.935148	0.0413031
						5.1174	2.16764	2.1725
					}
				}
				{bone "left_spinedown_01"
					{parameters "Clear;"}
					{Matrix34
						-0.915379	0.302518	0.265639
						-0.204625	0.218631	-0.954112
						-0.346713	-0.92773	-0.138228
						2.94066	-2.91914	-0.80628
					}
				}
				{bone "left_spinedown_02"
					{parameters "Clear;"}
					{Matrix34
						-0.766569	0.64208	-0.0102677
						-0.642117	-0.766225	0.0241994
						0.00767058	0.0251435	0.999654
						4.47125	0.512403	-3.18812
					}
				}
				{bone "left_spinedown_03"
					{parameters "Clear;"}
					{Matrix34
						-0.918584	0.35307	-0.177609
						-0.179332	0.0281174	0.983387
						0.352198	0.935174	0.0374882
						5.11736	2.16764	-2.17253
					}
				}
				{bone "hips_sm"
					{parameters "Id=Hips;"}
					{Matrix34
						0	0	-1
						0.354154	0.935187	0
						0.935187	-0.354154	0
						-27.7232	9.34467	0
					}
					{VolumeView "hips_sm.ply"}
					{bone "engine"
						{parameters "ID=engine;"}
						{Matrix34
							0	-1	0
							1	0	0
							0	0	1
							8.92891e-05	1.03841	29.9072
						}
						{VolumeView "engine.ply"}
					}
				}
				{bone revolute "attack_melee_h_front"
					{limits -20 20}
					{speed 1}
					{Matrix34
						-0.350667	-0.9365	0
						0	0	-1
						0.936507	-0.35065	0
						-9.17483	-8.48795	0.502588
					}
					{bone revolute "attack_melee_v_front"
						{limits -70 50}
						{speed 1}
						{Matrix34
							0.999762	-0.00316674	0.021598
							-0.0215726	0.00529677	0.999753
							-0.00328239	-0.999981	0.00522404
							0	0	0
						}
						{bone "attack_melee_foresight_front"
							{parameters "Socket;"}
							{Matrix34
								0.999762	-0.0215831	-0.00328052
								-0.0031698	0.00528755	-0.999981
								0.0215719	0.999753	0.00522542
								0	0	0
							}
						}
					}
				}
				{bone revolute "attack_melee_h_back"
					{limits -30 30}
					{speed 1}
					{Matrix34
						0.350633	0.936513	0
						-1.08315e-05	0	1
						0.936507	-0.35065	0
						-3.88102	5.65049	0.50254
					}
					{bone revolute "attack_melee_v_back"
						{limits -50 50}
						{speed 1}
						{Matrix34
							0.999761	-0.00316657	-0.0216189
							0.0215726	-0.00529646	0.999754
							-0.00328233	-0.999981	-0.00521916
							1.04904e-05	0	0.000148773
						}
						{bone "attack_melee_foresight_back"
							{parameters "Socket;"}
							{Matrix34
								0.999764	0.0215002	-0.00328013
								-0.00316854	-0.00531101	-0.999981
								-0.0215818	0.999752	-0.0052229
								0	-0.000148773	0
							}
						}
					}
				}
				{bone "spine"
					{parameters "Clear;"}
					{Matrix34
						0.936506	-0.350652	0
						0.350652	0.936506	0
						0	0	1
						3.59043	0	0
					}
					{bone revolute "spine_ik_lower"
						{limits -5 5}
						{speed 0.05}
						{Orientation
							0	-1	0
							0	0	-1
							1	0	0
						}
						{bone revolute "spine_ik_upper"
							{limits -5 5}
							{speed 0.05}
							{Position 0	0	6.65636}
							{bone "spine1"
								{parameters "Clear;"}
								{Orientation
									0	0	1
									-1	0	0
									0	-1	0
								}
								{bone "neck"
									{parameters "Clear;"}
									{Matrix34
										-0.587743	-0.809048	0
										0.809048	-0.587743	0
										0	0	1
										5.08764	-7.72742	1.05939e-05
									}
									{bone "head_wire_skm"
										{parameters "CommonMesh;ID=Head_wire;"}
										{Matrix34
											0	0	-1
											-0.809048	-0.587742	0
											-0.587742	0.809048	0
											21.6155	-39.1099	0
										}
										{VolumeView "head_wire_skm.ply"}
									}
									{bone revolute "head_ik_h"
										{limits -45 45}
										{speed 0.04}
										{Orientation
											0	0	1
											0.809048	0.587742	0
											-0.587743	0.809048	0
										}
										{bone revolute "head_ik_v"
											{limits -25 25}
											{speed 0.04}
											{Matrix34
												0	0	1
												0	-1	0
												1	0	0
												-1.07481e-05	3.63211	-2.63858
											}
											{bone "neck1"
												{parameters "Clear;"}
												{Matrix34
													-0.305352	-0.95224	0
													0.95224	-0.305352	0
													0	0	1
													0	0	0
												}
												{bone "head"
													{parameters "Clear;"}
													{Position 2.81699	0	0}
													{bone "cablejawsm"
														{parameters "Clear;"}
														{Matrix34
															0.286189	-0.957424	0.0378732
															-0.454377	-0.100809	0.885087
															-0.843586	-0.270511	-0.463882
															3.22283	-1.90238	1.50633
														}
														{bone "cablejawsm1"
															{parameters "Clear;"}
															{Position 2.51905	0	0}
														}
													}
													{bone "cableheadsm"
														{parameters "Clear;"}
														{Position 2.47424	0.432079	2.75161}
													}
													{bone "necksm"
														{parameters "Clear;"}
														{Position -1.96857	-0.0249825	0}
													}
													{bone "head_sm"
														{parameters "Id=Head;"}
														{Matrix34
															0.952239	0.305353	0
															0	0	-1
															-0.305353	0.952239	0
															1.95446	-0.0848618	0.00375811
														}
														{VolumeView "head_sm.ply"}
														{bone "head_ems_00_search"
															{parameters "Id=Head;"}
															{Position 3.58544	-0.744988	-0.0367775}
															{visibility 0}
															{VolumeView "head_ems_00_search.ply"}
														}
														{bone "head_ems_00_hold"
															{parameters "Id=Head;"}
															{Position 3.58544	-0.744988	-0.0367775}
															{VolumeView "head_ems_00_hold.ply"}
														}
														{bone "head_ems_00_alarm"
															{parameters "Id=Head;"}
															{Position 3.58544	-0.744988	-0.0367775}
															{visibility 0}
															{VolumeView "head_ems_00_alarm.ply"}
														}
														{bone "head_ems_01_alarm"
															{parameters "Id=Head;"}
															{Matrix34
																1	0	0
																0	1	0
																0	0	1
																3.73968	0.0367675	-0.347965
															}
															{visibility 0}
															{VolumeView "head_ems_01_alarm.ply"}
														}
														{bone "head_ems_01_hold"
															{parameters "Id=Head;"}
															{Matrix34
																1	0	0
																0	1	0
																0	0	1
																3.73968	0.0367675	-0.347965
															}
															{VolumeView "head_ems_01_hold.ply"}
														}
														{bone "head_ems_01_search"
															{parameters "Id=Head;"}
															{Matrix34
																1	0	0
																0	1	0
																0	0	1
																3.73968	0.0367675	-0.347965
															}
															{visibility 0}
															{VolumeView "head_ems_01_search.ply"}
														}
														{bone "head_ems_02_alarm"
															{parameters "Id=Head;"}
															{Matrix34
																1	0	0
																0	1	0
																0	0	1
																3.80758	0.503561	-0.0895844
															}
															{visibility 0}
															{VolumeView "head_ems_02_alarm.ply"}
														}
														{bone "head_ems_02_hold"
															{parameters "Id=Head;"}
															{Matrix34
																1	0	0
																0	1	0
																0	0	1
																3.80758	0.503561	-0.0895844
															}
															{VolumeView "head_ems_02_hold.ply"}
														}
														{bone "head_ems_02_search"
															{parameters "Id=Head;"}
															{Matrix34
																1	0	0
																0	1	0
																0	0	1
																3.80758	0.503561	-0.0895767
															}
															{visibility 0}
															{VolumeView "head_ems_02_search.ply"}
														}
														{bone "scanlines_fx"
															{Matrix34
																0.965932	0.00509671	-0.258746
																-0.00605236	0.999977	-0.00290209
																0.258727	0.00436706	0.965941
																3.58807	-0.750486	-0.0541496
															}
															{bone "scanlines_bone"
																{Matrix34
																	-0.306449	0.951887	0
																	-0.951888	-0.306449	0
																	0	0	1
																	0	-1.09673e-05	0
																}
																{bone "scanlines"
																	{parameters "CommonMesh;"}
																	{Orientation
																		0.664466	0.241844	0.707105
																		0.664464	0.241848	-0.707105
																		-0.342019	0.939692	0
																	}
																	{visibility 0}
																	{VolumeView "scanlines.ply"}
																}
																{bone "scanlines_fx_bone"
																	{Matrix34
																		0.0184467	-0.954579	-0.297383
																		0.000240909	-0.297438	0.954742
																		-0.99983	-0.0176878	-0.00526259
																		0.0177002	0.0549622	0
																	}
																}
															}
															{bone "scanlines2_bone"
																{Matrix34
																	-0.320552	0	-0.947232
																	-0.947231	0	0.320548
																	0	1	0
																	0	-1.09673e-05	0
																}
																{bone "scanlines_2"
																	{parameters "CommonMesh;"}
																	{Orientation
																		0.664466	0.241844	0.707105
																		0.664464	0.241848	-0.707105
																		-0.342019	0.939692	0
																	}
																	{visibility 0}
																	{VolumeView "scanlines_2.ply"}
																}
																{bone "scanlines2_fx_bone"
																	{Matrix34
																		0.0181444	-0.950261	0.310929
																		0.999764	0.0209545	0.00570444
																		-0.0119366	0.310752	0.950415
																		0.0184937	0.0546875	0
																	}
																}
															}
														}
													}
													{bone "armour_head_lower"
														{parameters "Id=armour_head_lower;"}
														{Matrix34
															0.612623	-0.790376	0
															0	0	-1
															0.790376	0.612623	0
															5.39953	-1.98907	-1.23055e-05
														}
														{VolumeView "armour_head_lower.ply"}
													}
													{bone "armour_head_upper"
														{parameters "Id=armour_head_upper;"}
														{Matrix34
															-0.0484906	0.998824	0
															0	0	-1
															-0.998824	-0.0484909	0
															4.25779	1.60315	-1.20274e-05
														}
														{VolumeView "armour_head_upper.ply"}
														{bone "detail1"
															{parameters "Id=armour_head_upper;"}
															{Position 0.0464554	0	0}
															{VolumeView "detail1.ply"}
														}
													}
													{bone "head_organ"
														{parameters "ID=Head_organ;"}
														{Matrix34
															0.95224	0.305352	0
															0	0	-1
															-0.305352	0.95224	0
															3.92305	0.332237	-0.0465664
														}
														{VolumeView "head_organ.ply"}
													}
													{bone "visor_head_bone"
														{Matrix34
															0.998824	0.0484895	0
															0	0	-1
															-0.0484897	0.998824	0
															5.38771	0.959209	0.754244
														}
													}
													{bone "visor_head_support_bone"
														{Matrix34
															0.998824	0.0484895	0
															0	0	-1
															-0.0484897	0.998824	0
															5.38771	0.959209	0.754244
														}
													}
												}
											}
										}
									}
								}
								{bone "rightcablespinesm"
									{parameters "Clear;"}
									{Matrix34
										-0.974573	-0.0779523	0.210073
										0.22407	-0.339047	0.913696
										0	0.937534	0.347892
										6.39495	4.41991	1.66383
									}
									{bone "rightcablespinesm1"
										{parameters "Clear;"}
										{Position 5.81594	-0.00362778	0.0100517}
									}
								}
								{bone "rightcabletorsosm"
									{parameters "Clear;"}
									{Matrix34
										0	-0.276246	0.961087
										0.992909	-0.114254	-0.0328404
										0.11888	0.954271	0.274287
										12.8532	0.581494	1.91457
									}
								}
								{bone "leftcablespinesm"
									{parameters "Clear;"}
									{Matrix34
										0.974573	0.0779522	0.210073
										-0.22407	0.339046	0.913696
										0	-0.937535	0.347892
										6.39499	4.41992	-1.66383
									}
									{bone "leftcablespinesm1"
										{parameters "Clear;"}
										{Position -5.81602	0.00364208	-0.0100369}
									}
								}
								{bone "leftcabletorsosm"
									{parameters "Clear;"}
									{Matrix34
										0	0.276246	0.961087
										-0.992909	0.114254	-0.0328402
										-0.11888	-0.954272	0.274287
										12.8532	0.581489	-1.91456
									}
								}
								{bone "right_spineup_03"
									{parameters "Clear;"}
									{Matrix34
										-0.984262	0.00869227	0.176501
										0.176703	0.0370459	0.983567
										0.00201087	0.999276	-0.0379997
										-0.356735	2.52534	1.1584
									}
								}
								{bone "right_spineup_02"
									{parameters "Clear;"}
									{Matrix34
										-0.941992	0.335548	0.00766448
										0.335628	0.941575	0.0281188
										0.00221891	0.0290604	-0.999575
										-0.6203	-1.124	3.13425
									}
								}
								{bone "right_spineup_01"
									{parameters "Clear;"}
									{Matrix34
										-0.963609	-0.0363323	-0.264834
										0.267315	-0.133186	-0.954361
										-0.000598196	-0.990425	0.138051
										-0.732727	-2.75242	2.33468
									}
								}
								{bone "left_spineup_01"
									{parameters "Clear;"}
									{Matrix34
										0.963609	0.0358423	-0.264901
										-0.267315	0.129587	-0.954856
										0.000103609	0.99092	0.134452
										-0.732777	-2.75242	-2.33468
									}
								}
								{bone "left_spineup_02"
									{parameters "Clear;"}
									{Matrix34
										0.941992	-0.335558	0.00719365
										-0.335631	-0.941651	0.0253969
										-0.00174784	-0.0263378	-0.999652
										-0.620247	-1.124	-3.13427
									}
								}
								{bone "left_spineup_03"
									{parameters "Clear;"}
									{Matrix34
										0.984262	-0.00903188	0.176484
										-0.176707	-0.0408612	0.983415
										-0.00167088	-0.999124	-0.0418137
										-0.356701	2.52534	-1.1584
									}
								}
								{bone "visor_body"
									{parameters "Id=visor_body;"}
									{Matrix34
										0	-1	0
										0	0	-1
										1	0	0
										8.46393	-10.6887	-11.0031
									}
									{VolumeView "visor_body.ply"}
									{bone "head_light_small_00_fx"
										{Matrix34
											1	0	0
											0	1	0
											0	0	1
											1.28999	0	0.350788
										}
									}
									{bone "visor_led_02_search"
										{parameters "Id=Visor;"}
										{Position 0.685864	0.0443172	0.440376}
										{visibility 0}
										{VolumeView "visor_led_02_search.ply"}
									}
									{bone "visor_led_02_alarm"
										{parameters "Id=Visor;"}
										{Position 0.685864	0.0443172	0.440376}
										{visibility 0}
										{VolumeView "visor_led_02_alarm.ply"}
									}
									{bone "visor_led_02_hold"
										{parameters "Id=Visor;"}
										{Position 0.685864	0.0443172	0.440376}
										{VolumeView "visor_led_02_hold.ply"}
									}
									{bone "visor_body_bone"
										{Matrix34
											1	0	0
											0	1	0
											0	0	1
											1.28999	0	0.350788
										}
									}
									{bone "visor_body_support_bone"
										{Matrix34
											1	0	0
											0	1	0
											0	0	1
											1.28999	0	0.350788
										}
									}
								}
								{bone "body"
									{parameters "Id=main_body;"}
									{Matrix34
										0	0	-1
										0	1	0
										1	0	0
										-39.2585	-2.22887	0
									}
									{VolumeView "body.ply"}
									{bone "frame_body"
										{parameters "Id=main_body;"}
										{Position 1.82193e-05	2.62067	47.8422}
										{VolumeView "frame_body.ply"}
										{bone "armor_left_engine_wire"
											{parameters "ID=armor_left_engine_wire;"}
											{Matrix34
												1	0	0
												0	1	0
												0	0	1
												9.77505	-4.62048	-0.597557
											}
											{VolumeView "armor_left_engine_wire.ply"}
										}
										{bone "armor_right_engine_wire"
											{parameters "ID=armor_right_engine_wire;"}
											{Matrix34
												-1	0	0
												0	-1	0
												0	0	1
												-9.77498	-4.62045	-0.597542
											}
											{VolumeView "armor_right_engine_wire.ply"}
										}
									}
									{bone "organs_waist_03"
										{Matrix34
											1	0	0
											0	1	0
											0	0	1
											-1.34212	-1.3543	46.7252
										}
									}
									{bone "organs_waist_02"
										{Matrix34
											1	0	0
											0	1	0
											0	0	1
											1.08941	-1.3543	46.7251
										}
									}
									{bone "organs_waist_01"
										{Matrix34
											1	0	0
											0	1	0
											0	0	1
											0.00599401	3.75292	41.7237
										}
									}
									{bone "organs_engine_drive_left"
										{parameters "ID=organs_engine_drive_left;"}
										{Matrix34
											1	0	0
											0	1	0
											0	0	1
											6.14931	-2.18019	46.2797
										}
										{VolumeView "organs_engine_drive_left.ply"}
									}
									{bone "organs_engine_drive_right"
										{parameters "ID=organs_engine_drive_right;"}
										{Matrix34
											1	0	0
											0	1	0
											0	0	1
											-6.14917	-2.18018	46.2797
										}
										{VolumeView "organs_engine_drive_right.ply"}
									}
									{bone "cpu"
										{parameters "Id=Body;"}
										{Matrix34
											0	-0.34202	0.939693
											0	0.939693	0.34202
											-1	0	0
											1.00933e-05	-0.559203	50.0904
										}
										{VolumeView "cpu.ply"}
									}
									{bone "left_engine2"
										{parameters "Id=left_engine2;"}
										{Matrix34
											-1	0	0
											0	-1	0
											0	0	1
											4.28483	-0.827013	46.5859
										}
										{VolumeView "left_engine2.ply"}
									}
									{bone "right_engine2"
										{parameters "Id=right_engine2;"}
										{Matrix34
											1	0	0
											0	1	0
											0	0	1
											-4.28478	-0.827003	46.586
										}
										{VolumeView "right_engine2.ply"}
									}
									{bone "frame"
										{parameters "Id=main_body;"}
										{Matrix34
