;Exported by: Xpycmb
;Date:        Sun Jan 26 20:16:55 2025
;File:        C:\Users\Xpycmb\Documents\3ds Max 2020\scenes\harvester_x.max
{Skeleton
	{bone revolute "basis"
		{terminator}
		{Orientation
			1	0	0
			0	-1	0
			0	0	1
		}
		{bone "concussion"
			{Position 39.6925	0	6.70328}
		}
		{bone "placement"
			{parameters "Clear;"}
		}
		{bone "reference"
			{parameters "hkaSkeleton = Reference;hkaBone = 0;"}
			{Orientation
				0	-1	0
				0	0	1
				-1	0	0
			}
			{bone "hips"
				{parameters "hkaSkeleton = Reference;hkaBone = 1;"}
				{Matrix34
					0	0.0943868	0.995536
					0	0.995536	-0.0943864
					-1	0	0
					3.1241e-05	65.3779	37.0537
				}
				{bone "drill_base"
					{parameters "hkaSkeleton = Reference;hkaBone = 2;"}
					{Matrix34
						-0.0559879	0.998431	0
						0.998432	0.0559881	0
						0	0	-1
						-46.9363	0	1.60077e-05
					}
					{bone "drill"
						{Matrix34
							-0.149977	0.98869	0
							0.988689	0.149977	0
							0	0	-1
							64.9226	0	2.27143e-05
						}
						{bone "drill_sm"
							{parameters "ID=Drill;"}
							{Matrix34
								0	0	1
								1	0	0
								0	1	0
								-4.07014	-46.0171	0.000170531
							}
							{VolumeView "drill_sm.ply"}
						}
					}
					{bone "piston_drill_up"
						{Matrix34
							-0.475738	0.879587	0
							-0.879587	-0.475739	0
							0	0	1
							20.6919	-0.0413065	0
						}
						{bone "piston_drill_up_sm"
							{parameters "CommonMesh;ID=Drillmount;"}
							{Matrix34
								0	0	-1
								0.940988	-0.33844	0
								-0.33844	-0.940988	0
								10.0073	-0.987297	0
							}
							{VolumeView "piston_drill_up_sm.ply"}
						}
					}
					{bone "drillmount"
						{parameters "ID=Drillmount;"}
						{Matrix34
							0.149977	-0.98869	0
							0	0	-1
							0.988689	0.149977	0
							35.0395	-1.06301	-1.4918e-05
						}
						{VolumeView "drillmount.ply"}
						{bone "drill_hatch_l"
							{parameters "ID=drill_hatch_l;"}
							{Matrix34
								0	1	0
								-1	0	0
								0	0	1
								2.85236	4.55437	-38.578
							}
							{VolumeView "drill_hatch_l.ply"}
						}
						{bone "drill_hatch_r"
							{parameters "ID=drill_hatch_r;"}
							{Matrix34
								0	-1	0
								-1	0	0
								0	0	1
								2.85236	-4.56175	-38.578
							}
							{VolumeView "drill_hatch_r.ply"}
						}
					}
					{bone "cabledrillsm"
						{parameters "hkaSkeleton = Reference;hkaBone = 3;"}
						{Matrix34
							-0.922467	-0.351658	-0.159344
							0.375236	-0.719533	-0.584355
							0.0908396	-0.59884	0.7957
							61.9967	2.02112	10.6353
						}
					}
					{bone "pneu_short_07"
						{Matrix34
							-0.407838	-0.136814	0.902745
							-0.177658	-0.957923	-0.225438
							0.895604	-0.252322	0.366371
							65.9118	0.318429	8.37188
						}
					}
				}
				{bone "neck"
					{parameters "hkaSkeleton = Reference;hkaBone = 12;"}
					{Matrix34
						-0.93682	-0.349813	0
						-0.349812	0.93682	0
						0	0	-1
						-49.5984	-9.63281	11.0718
					}
					{bone revolute "eyes_ik"
						{limits -15 20}
						{speed 0.04}
						{Orientation
							0.889523	0.456836	0.00707376
							-0.456763	0.889535	-0.00978217
							-0.0107637	0.00547159	0.999927
						}
						{bone revolute "eyes_ik_h"
							{limits -35 35}
							{speed 0.02}
							{Matrix34
								0.999462	-0.0319231	-0.00755754
								-0.00713757	0.0131628	-0.999888
								0.032019	0.999404	0.0129301
								2.63854	-1.35809	0.0862446
							}
							{bone "head"
								{parameters "hkaSkeleton = Reference;hkaBone = 13;"}
								{Matrix34
									0.999955	-0.000140121	0.00945037
									-0.00945197	0.00337932	0.99995
									-0.000172809	-0.999994	0.00337663
									0	0	0
								}
								{bone "headend"
									{parameters "hkaSkeleton = Reference;hkaBone = 14;"}
									{Matrix34
										-1	0	0
										0	1	0
										0	0	-1
										12.7078	-1.04396	-0.144011
									}
								}
								{bone "head_sm"
									{parameters "ID=head;"}
									{Matrix34
										1	0	0
										0	0	-1
										0	1	0
										5.357	-0.35622	0.00156593
									}
									{VolumeView "head_sm.ply"}
									{bone "armour_head"
										{parameters "ID=armour_head;"}
										{Matrix34
											0	0	-1
											-1	0	0
											0	1	0
											1.6181	0.000619888	-1.78485
										}
										{VolumeView "armour_head.ply"}
									}
									{bone "visor_head_bone"
										{Matrix34
											0.99918	-0.00826548	0.0396244
											0.0395309	-0.0115244	-0.999152
											0.00872633	0.999899	-0.0111844
											4.9754	1.32595	-0.885849
										}
									}
									{bone "head_light_ems_00_alarm"
										{parameters "ID=head;"}
										{Matrix34
											1	0	0
											0	1	0
											0	0	1
											4.70048	1.31928	-0.714191
										}
										{visibility 0}
										{VolumeView "head_light_ems_00_alarm.ply"}
									}
									{bone "head_light_ems_00_search"
										{parameters "ID=head;"}
										{Matrix34
											1	0	0
											0	1	0
											0	0	1
											4.70048	1.31928	-0.714191
										}
										{visibility 0}
										{VolumeView "head_light_ems_00_search.ply"}
									}
									{bone "head_light_ems_00_hold"
										{parameters "ID=head;"}
										{Matrix34
											1	0	0
											0	1	0
											0	0	1
											4.70048	1.31928	-0.714191
										}
										{VolumeView "head_light_ems_00_hold.ply"}
									}
									{bone "head_organ"
										{parameters "ID=head_organ;"}
										{Matrix34
											0	1	0
											-1	0	0
											0	0	1
											-0.496937	0.0159845	-0.841068
										}
										{VolumeView "head_organ.ply"}
									}
									{bone "visor_head_bone_support"
										{Matrix34
											0.99918	-0.00826548	0.0396244
											0.0395309	-0.0115244	-0.999152
											0.00872633	0.999899	-0.0111844
											4.9754	1.32595	-0.885849
										}
									}
								}
								{bone "cableheadsm"
									{parameters "hkaSkeleton = Reference;hkaBone = 15;"}
									{Matrix34
										0	-1	0
										1	0	0
										0	0	1
										4.9916	-1.61998	4.00748
									}
								}
								{bone "armour_head_upper"
									{parameters "ID=armour_head_upper;"}
									{Matrix34
										0	1	0
										0	0	-1
										-1	0	0
										5.357	-0.35622	0.00156593
									}
									{VolumeView "armour_head_upper.ply"}
								}
							}
						}
						{bone "neck_sm"
							{parameters "ID=neck;"}
							{Matrix34
								0.999721	-0.0224765	-0.00729354
								-0.00707332	0.00978361	-0.999927
								0.0225464	0.9997	0.00962407
								1.18014	-1.12861	0.196602
							}
							{VolumeView "neck_sm.ply"}
						}
					}
				}
				{bone "rightupleg"
					{parameters "hkaSkeleton = Reference;hkaBone = 34;"}
					{Matrix34
						-0.435839	0.900024	0
						-0.900024	-0.43584	0
						0	0	1
						-32.0636	-9.02677	-26.5503
					}
					{bone "rightleg"
						{parameters "hkaSkeleton = Reference;hkaBone = 35;"}
						{Matrix34
							0.522183	0.852832	0.00163825
							-0.852833	0.522185	0
							-0.000850244	-0.00139978	0.999999
							-25.7697	1.52588e-05	0
						}
						{bone "rightfoot"
							{parameters "hkaSkeleton = Reference;hkaBone = 36;"}
							{Matrix34
								0.264034	-0.964503	-0.00445195
								0.964362	0.264072	-0.0165153
								0.0171052	6.79643e-05	0.999854
								-24.615	-5.91278e-05	6.29425e-05
							}
							{bone "rightpiston_legtofoot_frontbasedeform"
								{Matrix34
									-0.264361	-0.0663976	-0.962135
									0.917546	0.289932	-0.272118
									0.297022	-0.954741	-0.0157245
									-13.2752	5.27393	-7.06248
								}
								{bone "rightpiston_legtofoot_frontbasedeformend"
									{Position -10.5434	-5.24521e-05	3.05176e-05}
								}
								{bone "rightpiston_legtofoot_frontlimitdown"
									{Position -3.13277	4.29153e-05	3.8147e-05}
								}
							}
							{bone "rightpiston_foottotoe_frontbaseupper"
								{Matrix34
									0.92793	-0.371843	-0.0260562
									0.0474912	0.0486039	0.997689
									-0.369716	-0.927023	0.0627599
									-11.5202	-1.14734	-6.97403
								}
								{bone "rightpiston_foottotoe_frontlimitup"
									{Position -5.10547	-2.28882e-05	-4.57764e-05}
								}
							}
							{bone "rightpiston_foottotoe_backbaseupper"
								{Matrix34
									0.99717	-0.0474527	0.0583085
									0.0644872	0.141257	-0.98787
									0.0386399	0.988835	0.143918
									-12.6877	-6.59328	-7.01193
								}
								{bone "rightpiston_foottotoe_backlimitup"
									{Position -4.89378	-5.72205e-05	0}
								}
							}
							{bone "rightfoot_sm"
								{parameters "ID=RightFoot;"}
								{Matrix34
									-0.00402677	-0.0149345	0.99988
									-0.260273	-0.965411	-0.0154684
									0.965527	-0.260304	0
									-8.7392	0.415054	-7.15285
								}
								{VolumeView "rightfoot_sm.ply"}
								{bone "rightfoot_cylplate_01"
									{parameters "ID=RightFoot_cylplate_01;"}
									{Matrix34
										-1	0	0
										0	-1	0
										0	0	1
										-5.85954	-1.39791	8.55269
									}
									{VolumeView "rightfoot_cylplate_01.ply"}
								}
								{bone "rightfoot_cylplate_02"
									{parameters "ID=RightFoot_cylplate_02;"}
									{Matrix34
										1	0	0
										0	1	0
										0	0	1
										5.8549	-1.39799	8.55265
									}
									{VolumeView "rightfoot_cylplate_02.ply"}
								}
							}
							{bone "rightcablelegsm"
								{parameters "hkaSkeleton = Reference;hkaBone = 39;"}
								{Matrix34
									0.991931	0.126644	0.00588537
									-0.126717	0.991836	0.014304
									-0.00402627	-0.0149337	0.99988
									4.34545	-7.02889	-6.06252
								}
								{bone "rightcablelegsm1"
									{parameters "hkaSkeleton = Reference;hkaBone = 40;"}
									{Position -15.8396	-3.8147e-05	0}
								}
							}
							{bone prizmatic "suspension_r1"
								{limits -0.02 0.14}
								{speed2 6}
								{Matrix34
									-0.00402559	-0.0149343	0.99988
									-0.260266	-0.965413	-0.0154677
									0.965529	-0.260297	0
									-26.1638	-0.94453	-7.46418
								}
								{bone revolute "wheelr1"
									{parameters "ID=wheelleft1;Radius=0.35;"}
									{Orientation
										0	0	-1
										0	1	0
										1	0	0
									}
								}
								{bone "righttoe"
									{parameters "hkaSkeleton = Reference;hkaBone = 37;"}
									{Matrix34
										0.0135782	0.877748	0.478931
										0.00740742	0.478873	-0.877853
										-0.99988	0.0154677	0
										0	0	0
									}
									{bone "righttoeend"
										{parameters "hkaSkeleton = Reference;hkaBone = 38;"}
										{Matrix34
											-0.877748	-0.478873	-0.0154679
											-0.47893	0.877853	0
											0.0135773	0.00740927	-0.99988
											-12.3316	0	-0.000125885
										}
									}
									{bone "rightpiston_foottotoe_frontbasedeform"
										{Matrix34
											-0.585398	0.81074	0.00327112
											0.0105093	0.0116232	-0.999877
											-0.810678	-0.585291	-0.0153249
											-4.46748	-2.98572	-0.444908
										}
										{bone "rightpiston_foottotoe_frontlimitdown"
											{Position -1.1343	-0.000114441	2.28882e-05}
										}
										{bone "rightpiston_foottotoe_frontbasedeformend"
											{Position -8.02587	0.127575	-0.0246086}
										}
									}
									{bone "rightpiston_foottotoe_backbasedeform"
										{Matrix34
											-0.298235	0.954426	0.011291
											-0.011071	-0.0152878	0.999822
											0.954429	0.298056	0.0151264
											4.52937	1.38838	-0.296448
										}
										{bone "rightpiston_foottotoe_backlimitdown"
											{Position -1.18435	4.57764e-05	-1.52588e-05}
										}
										{bone "rightpiston_foottotoe_backbasedeformend"
											{Position -8.07289	0.20253	0.101768}
										}
									}
									{bone "righttoe_sm"
										{parameters "ID=RightToe;"}
										{Matrix34
											0.0135775	0.00740843	-0.99988
											0.877746	0.478877	0.0154677
											0.478935	-0.87785	0
											-2.49844	0.554749	-0.644157
										}
										{VolumeView "righttoe_sm.ply"}
									}
									{bone "righttoe_fx"
										{Matrix34
											-0.877748	-0.478873	-0.0154674
											0.0135782	0.00740717	-0.99988
											0.478931	-0.877853	0
											-4.07296	4.94706	0.148666
										}
									}
									{bone "rightpiston_foottotoe_backbasedeform_target"
										{Matrix34
											-0.230842	0.971145	0.0599119
											-0.95558	-0.214684	-0.201933
											-0.183244	-0.103865	0.977565
											4.52937	1.38838	-0.296444
										}
									}
									{bone "rightpiston_foottotoe_frontbasedeform_target"
										{Matrix34
											-0.585398	0.81074	0.00327601
											0.810423	0.585274	-0.0258724
											-0.0228935	-0.0124906	-0.99966
											-4.46747	-2.98572	-0.444912
										}
									}
								}
							}
							{bone "righttoe_piston"
								{parameters "CommonMesh;ID=RightToe_piston;"}
								{Matrix34
									-0.00402542	-0.0149351	0.99988
									-0.260272	-0.965411	-0.0154683
									0.965527	-0.260303	0
									-18.0337	-2.706	-7.08504
								}
								{VolumeView "righttoe_piston.ply"}
							}
							{bone "rightpiston_foottotoe_backbaseupper_target"
								{Matrix34
									0.993041	-0.114279	0.0284728
									0.107036	0.976592	0.186581
									-0.0491286	-0.182235	0.982027
									-12.6877	-6.59328	-7.01193
								}
							}
							{bone "rightpiston_foottotoe_frontbaseupper_target"
								{Matrix34
									0.935982	-0.351903	0.0101761
									-0.350981	-0.930502	0.104778
									-0.0274028	-0.101643	-0.994444
									-11.5202	-1.14734	-6.97403
								}
							}
							{bone "rightpiston_legtofoot_frontbasedeform_target"
								{Matrix34
									-0.849413	-0.527574	-0.012764
									-0.527709	0.849342	0.0119298
									0.00454743	0.0168686	-0.999847
									-13.2752	5.27393	-7.06248
								}
							}
						}
						{bone "rightpiston_upperlegtoleg_frontbasedeform"
							{Matrix34
								0.834686	-0.550614	-0.0110986
								0.0133301	5.23421e-05	0.999911
								-0.550565	-0.83476	0.00738255
								-15.0315	-3.61852	-7.12569
							}
							{bone "rightpiston_upperlegtoleg_frontbasedeformend"
								{Position -14.3104	-0.000102997	3.8147e-05}
							}
							{bone "rightpiston_upperlegtoleg_frontlimitdown"
								{Position -5.30647	0	-1.14441e-05}
							}
							{bone "rightpiston_upperlegtoleg_frontbasedeform_target"
								{Matrix34
									-1	0	0
									0	0	-1
									0	-1	0
									0	0	0
								}
							}
						}
						{bone "rightpiston_legtofoot_frontbaseupper"
							{Matrix34
								0.693734	-0.720181	0.00846971
								0.720127	0.693786	0.00886165
								-0.0122577	-4.77132e-05	0.999925
								-8.98922	0.396914	-7.01065
							}
							{bone "rightpiston_legtofoot_frontlimitup"
								{Position -8.70971	-3.43323e-05	-2.28882e-05}
							}
						}
						{bone "knee_plate_r"
							{parameters "ID=knee_plate_r;"}
							{Matrix34
								0.763405	0.645918	-0.00163742
								0.00113299	0.00119718	0.999999
								0.645919	-0.763406	0.000181907
								4.53332	1.46185	-9.27792
							}
							{VolumeView "knee_plate_r.ply"}
						}
						{bone "rightleg_sm"
							{parameters "ID=RightLeg;"}
							{Matrix34
								0.001638	0	0.999999
								-0.999991	-0.00394908	0.00163753
								0.00394851	-0.999992	0
								-10.9378	-0.00268745	-7.14535
							}
							{VolumeView "rightleg_sm.ply"}
						}
						{bone "rightleg_piston"
							{parameters "CommonMesh;ID=RightLeg_piston;"}
							{Matrix34
								0.00163788	0	0.999999
								-0.999991	-0.00382163	0.00163765
								0.00382121	-0.999993	0
								-15.6484	7.17626	-7.04359
							}
							{VolumeView "rightleg_piston.ply"}
						}
					}
					{bone "rightpiston_upperlegtoleg_frontbaseupper"
						{Matrix34
							-0.905451	-0.424339	0.00973453
							-0.00606609	-0.00999535	-0.999932
							0.424408	-0.905448	0.00647548
							-8.66734	-4.45446	-7.38534
						}
						{bone "rightpiston_upperlegtoleg_frontlimitup"
							{Position -7.8916	1.52588e-05	2.28882e-05}
						}
					}
					{bone "rightupleg_sm"
						{parameters "ID=RightUpLeg;"}
						{Matrix34
							0	0	1
							-0.518828	-0.854879	0
							0.854879	-0.518828	0
							-11.7843	0.206669	-7.22954
						}
						{VolumeView "rightupleg_sm.ply"}
						{bone "rightupleg_cylplate_03"
							{parameters "ID=RightUpLeg_cylplate_03;"}
							{Matrix34
								1	0	0
								0	1	-1.89804e-05
								0	1.95205e-05	1
								5.79119	7.42509	-11.8565
							}
							{VolumeView "rightupleg_cylplate_03.ply"}
						}
						{bone "rightupleg_cylplate_02"
							{parameters "ID=RightUpLeg_cylplate_02;"}
							{Matrix34
								-1	0	0
								0	-1	-1.87308e-05
								0	-1.84625e-05	1
								-5.79385	7.42438	-11.8564
							}
							{VolumeView "rightupleg_cylplate_02.ply"}
						}
						{bone "rightupleg_cylplate_01"
							{parameters "ID=RightUpLeg_cylplate_01;"}
							{Matrix34
								-1	0	0
								0	-1	0
								0	0	1
								-5.79406	-5.89099	10.614
							}
							{VolumeView "rightupleg_cylplate_01.ply"}
						}
						{bone "back_right_leg_hatch"
							{parameters "ID=back_right_leg_hatch;"}
							{Matrix34
								0	-0.906316	-0.422602
								1	0	0
								0	-0.422601	0.906316
								0.201492	-2.53662	-3.02745
							}
							{VolumeView "back_right_leg_hatch.ply"}
						}
					}
					{bone "rightupleg_piston"
						{parameters "CommonMesh;ID=RightUpLeg;"}
						{Matrix34
							0.518844	0.854869	0
							0	0	1
							0.854869	-0.518844	0
							-17.4931	-8.88219	-7.06063
						}
						{VolumeView "rightupleg_piston.ply"}
					}
					{bone "rightpiston_upperlegtoleg_frontbaseupper_target"
						{Matrix34
							0.90545	0.424341	-0.00973161
							-0.424409	0.905447	-0.00647355
							0.00606437	0.00999183	0.999932
							-8.66734	-4.45446	-7.38534
						}
					}
					{bone "rightupleg_piston_rubber"
						{parameters "CommonMesh;ID=RightUpLeg;"}
						{Matrix34
							0.518844	0.854869	0
							0	0	1
							0.854869	-0.518844	0
							-17.4931	-8.88219	-7.06063
						}
						{VolumeView "rightupleg_piston_rubber.ply"}
					}
					{bone "pneu_short_02"
						{Matrix34
							0.701852	-0.425366	-0.571374
							-0.518261	-0.855222	6.74426e-05
							-0.48868	0.296074	-0.82069
							3.77983	-5.43754	-6.93879
						}
					}
				}
				{bone "leftupleg"
					{parameters "hkaSkeleton = Reference;hkaBone = 16;"}
					{Matrix34
						0.435839	-0.900025	0
						0.900024	0.43584	0
						0	0	1
						-32.0636	-9.0268	26.5503
					}
					{bone "leftleg"
						{parameters "hkaSkeleton = Reference;hkaBone = 17;"}
						{Matrix34
							0.522183	0.852832	0.00163776
							-0.852833	0.522185	0
							-0.000849938	-0.00140054	0.999999
							25.7696	-1.52588e-05	0
						}
						{bone "leftfoot"
							{parameters "hkaSkeleton = Reference;hkaBone = 18;"}
							{Matrix34
								0.264034	-0.964503	-0.00445145
								0.964362	0.264072	-0.0165159
								0.0171047	6.73117e-05	0.999854
								24.615	0	0
							}
							{bone "leftpiston_legtofoot_frontbasedeform"
								{Matrix34
									-0.849413	-0.527574	-0.012764
									-0.527709	0.849342	0.0119288
									0.00454716	0.0168688	-0.999847
									13.2752	-5.27397	7.0625
								}
								{bone "leftpiston_legtofoot_frontbasedeformend"
									{Position 10.5434	0	0}
								}
								{bone "leftpiston_legtofoot_frontlimitdown"
									{Position 3.1327	0	0}
								}
							}
							{bone "leftpiston_foottotoe_frontbaseupper"
								{Matrix34
									0.987586	-0.156993	-0.00524871
									-0.0229225	-0.110977	-0.993559
									0.155398	0.981345	-0.113199
									11.5202	1.14726	6.97395
								}
								{bone "leftpiston_foottotoe_frontlimitup"
									{Position 5.10543	0	0}
								}
							}
							{bone "leftpiston_foottotoe_backbaseupper"
								{Matrix34
									0.995673	-0.0857691	-0.0357622
									0.022844	-0.147129	0.988854
									-0.0900742	-0.985392	-0.144532
									12.6878	6.59332	7.01193
								}
								{bone "leftpiston_foottotoe_backlimitup"
									{Position 4.89369	0	1.14441e-05}
								}
							}
							{bone "leftfoot_sm"
								{parameters "ID=LeftFoot;"}
								{Matrix34
									-0.00402522	-0.014935	0.99988
									0.260268	0.965413	0.0154674
									-0.965528	0.2603	0
									8.73922	-0.415051	7.15274
								}
								{VolumeView "leftfoot_sm.ply"}
								{bone "leftfoot_cylplate_02"
									{parameters "ID=LeftFoot_cylplate_02;"}
									{Matrix34
										-1	0	0
										0	-1	0
										0	0	1
										-5.85485	-1.39784	8.55274
									}
									{VolumeView "leftfoot_cylplate_02.ply"}
								}
								{bone "leftfoot_cylplate_01"
									{parameters "ID=LeftFoot_cylplate_01;"}
									{Position 5.85662	-1.3984	8.55079}
									{VolumeView "leftfoot_cylplate_01.ply"}
								}
							}
							{bone "leftcablelegsm"
								{parameters "hkaSkeleton = Reference;hkaBone = 21;"}
								{Matrix34
									0.991931	0.126644	0.00588577
									-0.126718	0.991836	0.0143033
									-0.00402578	-0.0149344	0.99988
									-4.34542	7.02893	6.06235
								}
								{bone "leftcablelegsm1"
									{parameters "hkaSkeleton = Reference;hkaBone = 22;"}
									{Position 15.8395	0	1.90735e-05}
								}
							}
							{bone prizmatic "suspension_l1"
								{limits -0.02 0.14}
								{speed2 6}
								{Matrix34
									-0.00402495	-0.0149343	0.99988
									0.260266	0.965413	0.0154668
									-0.965529	0.260298	0
									26.1638	0.944469	7.46405
								}
								{bone revolute "wheell1"
									{parameters "ID=wheelleft1;Radius=0.35;"}
									{Orientation
										0	0	-1
										0	1	0
										1	0	0
									}
								}
								{bone "lefttoe"
									{parameters "hkaSkeleton = Reference;hkaBone = 19;"}
									{Matrix34
										0.0135783	-0.877748	-0.478931
										0.00740669	-0.478874	0.877852
										-0.99988	-0.0154669	0
										0	0	0
									}
									{bone "lefttoeend"
										{parameters "hkaSkeleton = Reference;hkaBone = 20;"}
										{Matrix34
											-0.877748	-0.478873	-0.0154676
											-0.47893	0.877853	0
											0.0135779	0.00740888	-0.99988
											12.3317	0	0
										}
									}
									{bone "leftpiston_foottotoe_frontbasedeform"
										{Matrix34
											-0.364579	0.927779	-0.0794284
											-0.0591522	0.0620524	0.996319
											0.929292	0.367935	0.0322569
											4.46745	2.9857	0.44482
										}
										{bone "leftpiston_foottotoe_frontlimitdown"
											{Position 1.13429	0	0}
										}
										{bone "leftpiston_foottotoe_frontbasedeformend"
											{Position 8.02588	-0.127678	0.0246239}
										}
									}
									{bone "leftpiston_foottotoe_backbasedeform"
										{Matrix34
											-0.298226	0.954429	0.0112847
											0.0111056	0.015291	-0.999821
											-0.954431	-0.298048	-0.0151594
											-4.52948	-1.38844	0.296425
										}
										{bone "leftpiston_foottotoe_backlimitdown"
											{Position 1.18435	0	0}
										}
										{bone "leftpiston_foottotoe_backbasedeformend"
											{Position 8.07289	-0.20248	-0.101871}
										}
									}
									{bone "lefttoe_sm"
										{parameters "ID=LeftToe;"}
										{Matrix34
											0.0135781	0.00740735	-0.99988
											-0.877749	-0.478871	-0.015467
											-0.478928	0.877854	0
											2.49837	-0.554798	0.644154
										}
										{VolumeView "lefttoe_sm.ply"}
									}
									{bone "lefttoe_fx"
										{Matrix34
											0.877748	0.478874	0.015467
											0.0135782	0.00740693	-0.99988
											-0.478931	0.877852	0
											4.73634	-4.65685	0.644146
										}
									}
									{bone "leftpiston_foottotoe_backbasedeform_target"
										{Matrix34
											-0.298227	0.954428	0.0112848
											-0.953151	-0.297159	-0.0565653
											-0.0506348	-0.0276245	0.998335
											-4.52948	-1.38845	0.296425
										}
									}
									{bone "leftpiston_foottotoe_frontbasedeform_target"
										{Matrix34
											-0.585398	0.810739	0.00327672
											0.0229028	0.0124978	0.99966
											0.810422	0.585274	-0.0258845
											4.46745	2.9857	0.444824
										}
									}
								}
							}
							{bone "lefttoe_piston"
								{parameters "CommonMesh;ID=LeftToe_piston;"}
								{Matrix34
									-0.00402484	-0.0149345	0.99988
									0.260263	0.965414	0.0154671
									-0.965529	0.260295	0
									18.0341	2.70771	6.97377
								}
								{VolumeView "lefttoe_piston.ply"}
							}
							{bone "leftpiston_foottotoe_frontbaseupper_target"
								{Matrix34
									0.926347	-0.375562	0.0288917
									-0.376369	-0.919806	0.110919
									-0.015082	-0.113622	-0.99341
									11.5202	1.14726	6.97395
								}
							}
							{bone "leftpiston_foottotoe_backbaseupper_target"
								{Matrix34
									0.993041	-0.114278	0.0284725
									0.107035	0.976592	0.18658
									-0.0491271	-0.182235	0.982027
									12.6878	6.59332	7.01193
								}
							}
							{bone "leftpiston_legtofoot_frontbasedeform_target"
								{Matrix34
									-0.849413	-0.527574	-0.0127641
									-0.52771	0.849341	0.0119279
									0.00454753	0.0168678	-0.999848
									13.2752	-5.27397	7.0625
								}
							}
						}
						{bone "leftpiston_upperlegtoleg_frontbasedeform"
							{Matrix34
								-0.834687	0.550613	0.0110957
								0.0133262	5.14766e-05	0.999911
								0.550564	0.834761	-0.00738139
								15.0316	3.61846	7.12571
							}
							{bone "leftpiston_upperlegtoleg_frontbasedeformend"
								{Position 15.521	1.45381	-0.805214}
							}
							{bone "leftpiston_upperlegtoleg_frontlimitdown"
								{Position 5.30663	0	0}
							}
						}
						{bone "leftpiston_legtofoot_frontbaseupper"
							{Matrix34
								0.693734	-0.720181	0.00846972
								0.720127	0.693786	0.00886092
								-0.0122581	-4.85167e-05	0.999925
								8.98923	-0.396967	7.01069
							}
							{bone "leftpiston_legtofoot_frontlimitup"
								{Position 8.70971	0	0}
							}
						}
						{bone "knee_plate_l"
							{parameters "ID=knee_plate_l;"}
							{Matrix34
								-0.763605	-0.645682	0.00163801
								0.00120325	0.00111263	0.999999
								-0.645682	0.763606	-7.29324e-05
								-4.5334	-1.46162	9.27793
							}
							{VolumeView "knee_plate_l.ply"}
						}
						{bone "leftleg_sm"
							{parameters "ID=LeftLeg;"}
							{Matrix34
								0.00163752	0	0.999999
								0.999991	0.00385766	-0.00163802
								-0.00385703	0.999993	0
								10.9378	0.00261688	7.14532
							}
							{VolumeView "leftleg_sm.ply"}
						}
						{bone "leftpiston_upperlegtoleg_frontbasedeform_target"
							{Matrix34
								-0.834687	0.550613	0.0110948
								0.550564	0.834761	-0.00738105
								-0.0133253	-5.21039e-05	-0.999911
								15.0316	3.61845	7.12571
							}
						}
						{bone "leftleg_piston"
							{parameters "CommonMesh;ID=LeftToe_piston;"}
							{Matrix34
								0.00163818	0	0.999999
								0.999991	0.00389287	-0.00163832
								-0.00389254	0.999992	0
								15.6485	-7.17631	7.04357
							}
							{VolumeView "leftleg_piston.ply"}
						}
						{bone "leftpiston_legtofoot_frontbaseupper_target"
							{Matrix34
								0.693735	-0.720181	0.00847019
								0.720127	0.693786	0.00886105
								-0.0122584	-4.8734e-05	0.999925
								8.98923	-0.396965	7.01069
							}
						}
						{bone "pneu_short_05"
							{Matrix34
								-0.257993	0.662542	0.703191
								0.965752	0.156031	0.207312
								0.027634	0.732593	-0.680106
								27.1145	4.52965	7.49175
							}
						}
					}
					{bone "leftpiston_upperlegtoleg_frontbaseupper"
						{Matrix34
							0.90545	0.424341	-0.00973176
							-0.00606454	-0.00999151	-0.999932
							-0.424409	0.905448	-0.0064742
							8.66732	4.45446	7.3853
						}
						{bone "leftpiston_upperlegtoleg_frontlimitup"
							{Position 7.89154	-1.14441e-05	0}
						}
					}
					{bone "leftupleg_sm"
						{parameters "ID=LeftUpLeg;"}
						{Matrix34
							0	0	1
							0.518844	0.854869	0
							-0.854869	0.518844	0
							11.7842	-0.206669	7.22952
						}
						{VolumeView "leftupleg_sm.ply"}
						{bone "leftupleg_cylplate_02"
							{parameters "ID=LeftUpLeg_cylplate_02;"}
							{Matrix34
								-1	0	0
								0	-1	0
								0	0	1
								-5.79118	7.42534	-11.8563
							}
							{VolumeView "leftupleg_cylplate_02.ply"}
						}
						{bone "leftupleg_cylplate_01"
							{parameters "ID=LeftUpLeg_cylplate_01;"}
							{Position 5.79387	7.42524	-11.8565}
							{VolumeView "leftupleg_cylplate_01.ply"}
						}
						{bone "leftupleg_cylplate_03"
							{parameters "ID=LeftUpLeg_cylplate_03;"}
							{Position 5.80977	-5.89124	10.6131}
							{VolumeView "leftupleg_cylplate_03.ply"}
						}
						{bone "back_left_leg_hatch"
							{parameters "ID=back_left_leg_hatch;"}
							{Matrix34
								0	-0.906308	-0.422618
								1	0	0
								0	-0.422618	0.906308
								-0.196968	-2.53653	-3.02748
							}
							{VolumeView "back_left_leg_hatch.ply"}
						}
					}
					{bone "leftupleg_piston"
						{parameters "CommonMesh;ID=LeftUpLeg;"}
						{Matrix34
							-0.518844	-0.854869	0
							0	0	1
							-0.854869	0.518844	0
							17.4931	8.88219	7.06273
						}
						{VolumeView "leftupleg_piston.ply"}
					}
					{bone "leftpiston_upperlegtoleg_frontbaseupper_target"
						{Matrix34
							0.90545	0.424341	-0.00973163
							-0.42441	0.905447	-0.0064738
							0.00606446	0.00999163	0.999932
							8.66732	4.45446	7.38531
						}
					}
					{bone "leftupleg_piston_rubber"
						{parameters "CommonMesh;ID=LeftUpLeg;"}
						{Matrix34
							-0.518844	-0.854869	0
							0	0	1
							-0.854869	0.518844	0
							21.8274	10.4312	6.99858
						}
						{VolumeView "leftupleg_piston_rubber.ply"}
					}
					{bone "pneu_short_03"
						{Matrix34
							-0.701852	0.425366	-0.571374
							0.518261	0.855222	6.75012e-05
							0.48868	-0.296074	-0.82069
							-3.77985	5.43758	7.31706
						}
					}
				}
				{bone "piston_drill_bottom"
					{Matrix34
						-0.904843	0.425745	0
						-0.425746	-0.904843	0
						0	0	1
						-24.2124	9.40054	0
					}
					{bone "piston_drill_bottom_sm"
						{parameters "ID=Drillmount;"}
						{Position 5.1537	-0.16964	0}
						{VolumeView "piston_drill_bottom_sm.ply"}
					}
					{bone "piston_drill_bottom_link"
						{parameters "ID=Drillmount;"}
						{Matrix34
							0	0	1
							-0.940988	-0.33844	0
							0.33844	-0.940988	0
							0.0726185	0.418358	0
						}
						{VolumeView "piston_drill_bottom_link.ply"}
					}
				}
				{bone revolute "rightweaponattach"
					{limits -8 8}
					{speed 0.02}
					{Matrix34
						0	0	-1
						-0.26596	0.963984	0
						0.963984	0.26596	0
						5.3446	9.32342	-17.874
					}
					{bone "missile_loader_r"
						{parameters "ID=Missile_l;"}
						{Matrix34
							1	0	0
							0	0	1
							0	-1	0
							0	0	2.28882e-05
						}
						{VolumeView "missile_loader_r.ply"}
						{bone "missile_loader_r_bone"
							{Matrix34
								-1	0	0
								0	0.0143603	-0.999897
								0	-0.999897	-0.01436
								0.188734	-0.0233231	-1.40207
							}
							{bone "missile_joint_r"
								{parameters "ID=Missile_l;"}
								{Position 0.136545	-2.64651	-2.30118}
								{VolumeView "missile_joint_r.ply"}
								{bone revolute "missile_joint_r_bone"
									{limits -13 28}
									{speed 0.02}
									{Matrix34
										0	-0.93959	0.342304
										0	-0.342304	-0.939589
										1	0	0
										0	0.658356	-1.761
									}
									{bone "missile_r"
										{parameters "ID=Missile_r;"}
										{Matrix34
											-0.422618	0.906308	0
											0	0	1
											-0.906308	-0.422619	0
											1.54997	3.87396	1.13231
										}
										{VolumeView "missile_r.ply"}
										{bone "rocket_r_00"
											{parameters "ID=Missile_r;"}
											{Matrix34
												1	0	0
												0	-1	0
												0	0	1
												-0.538269	-3.16593	-4.69031
											}
											{VolumeView "rocket_r_00.ply"}
										}
										{bone "rocket_r_01"
											{parameters "ID=Missile_r;"}
											{Matrix34
												1	0	0
												0	-1	0
												0	0	1
												-0.534302	-0.369602	-4.69073
											}
											{VolumeView "rocket_r_01.ply"}
										}
										{bone "rocket_r_02"
											{parameters "ID=Missile_r;"}
											{Matrix34
												1	0	0
												0	-1	0
												0	0	1
												-0.538452	2.37442	-4.69028
											}
											{VolumeView "rocket_r_02.ply"}
										}
										{bone "rocket_r_03"
											{parameters "ID=Missile_r;"}
											{Matrix34
												1	0	0
												0	-1	0
												0	0	1
												1.94266	-3.18889	-4.95105
											}
											{VolumeView "rocket_r_03.ply"}
										}
										{bone "rocket_r_04"
											{parameters "ID=Missile_r;"}
											{Matrix34
												1	0	0
												0	-1	0
												0	0	1
												1.94662	-0.392559	-4.95147
											}
											{VolumeView "rocket_r_04.ply"}
										}
										{bone "rocket_r_05"
											{parameters "ID=Missile_r;"}
											{Matrix34
												1	0	0
												0	-1	0
												0	0	1
												1.94247	2.35147	-4.95104
											}
											{VolumeView "rocket_r_05.ply"}
										}
										{bone "rocket_r_06"
											{parameters "ID=Missile_r;"}
											{Matrix34
												1	0	0
												0	-1	0
												0	0	1
												4.40618	-3.21168	-5.20997
											}
											{VolumeView "rocket_r_06.ply"}
										}
										{bone "rocket_r_07"
											{parameters "ID=Missile_r;"}
											{Matrix34
												1	0	0
												0	-1	0
												0	0	1
												4.41017	-0.41535	-5.2104
											}
											{VolumeView "rocket_r_07.ply"}
										}
										{bone "rocket_r_08"
											{parameters "ID=Missile_r;"}
											{Matrix34
												1	0	0
												0	-1	0
												0	0	1
												4.40597	2.3252	-5.20997
											}
											{VolumeView "rocket_r_08.ply"}
										}
										{bone "shooter_r_06"
											{Matrix34
												0.116004	0.00126753	0.993248
												-0.00136041	-0.999998	0.00143431
												-0.993248	0.00151715	0.116001
												6.37132	-3.17828	13.5056
											}
										}
										{bone "shooter_r_fx_06"
											{Matrix34
												-0.116004	-0.00126746	-0.993248
												-0.000369516	-0.999999	0.00131867
												0.993249	-0.000520162	-0.116003
												3.8229	-3.2212	-10.5277
											}
										}
										{bone "shooter_r_07"
											{Matrix34
												0.116004	0.00126753	0.993248
												-0.00136041	-0.999998	0.00143431
												-0.993248	0.00151715	0.116001
												6.37531	-0.381926	13.5052
											}
										}
										{bone "shooter_r_fx_07"
											{Matrix34
												-0.116004	-0.00126746	-0.993248
												-0.000369516	-0.999999	0.00131867
												0.993249	-0.000520162	-0.116003
												3.82684	-0.424845	-10.5281
											}
										}
										{bone "shooter_r_08"
											{Matrix34
												0.116004	0.00126753	0.993248
												-0.00136041	-0.999998	0.00143431
												-0.993248	0.00151715	0.116001
												6.37113	2.35861	13.5056
											}
										}
										{bone "shooter_r_fx_08"
											{Matrix34
												-0.116004	-0.00126746	-0.993248
												-0.000369516	-0.999999	0.00131867
												0.993249	-0.000520162	-0.116003
												3.82266	2.31569	-10.5277
											}
										}
										{bone "shooter_r_03"
											{Matrix34
												0.116004	0.00126753	0.993248
												-0.00136041	-0.999998	0.00143431
												-0.993248	0.00151715	0.116001
												3.90778	-3.15549	13.7646
											}
										}
										{bone "shooter_r_fx_03"
											{Matrix34
												-0.116004	-0.00126746	-0.993248
												-0.000369516	-0.999999	0.00131867
												0.993249	-0.000520162	-0.116003
												1.3593	-3.19844	-10.2687
											}
										}
										{bone "shooter_r_04"
											{Matrix34
												0.116004	0.00126753	0.993248
												-0.00136041	-0.999998	0.00143431
												-0.993248	0.00151715	0.116001
												3.9118	-0.359161	13.7641
											}
										}
										{bone "shooter_r_fx_04"
											{Matrix34
												-0.116004	-0.00126746	-0.993248
												-0.000369516	-0.999999	0.00131867
												0.993249	-0.000520162	-0.116003
												1.36333	-0.402081	-10.2692
											}
										}
										{bone "shooter_r_05"
											{Matrix34
												0.116008	0.000967832	0.993248
												0.000966669	-0.999999	0.000860801
												-0.993248	-0.00086076	0.116008
												3.90767	2.3515	13.7646
											}
										}
										{bone "shooter_r_fx_05"
											{Matrix34
												-0.116008	-0.000967808	-0.993248
												-0.000966658	-0.999999	0.00108658
												0.993248	-0.00108607	-0.116007
												1.35912	2.35156	-10.2688
											}
										}
										{bone "shooter_r_00"
											{Matrix34
												0.11601	0.000967751	0.993248
												0.000966288	-0.999999	0.000860825
												-0.993248	-0.000860456	0.11601
												1.427	-3.16589	14.0253
											}
										}
										{bone "shooter_r_fx_00"
											{Matrix34
												-0.11601	-0.000967772	-0.993248
												-0.000966369	-0.999999	0.0010866
												0.993248	-0.00108576	-0.116008
												-1.12157	-3.16576	-10.008
											}
										}
										{bone "shooter_r_01"
											{Matrix34
												0.116008	0.000967878	0.993248
												0.000966261	-0.999999	0.000860767
												-0.993248	-0.000860456	0.116008
												1.43098	-0.369566	14.0249
											}
										}
										{bone "shooter_r_fx_01"
											{Matrix34
												-0.116009	-0.000967785	-0.993248
												-0.000966479	-0.999999	0.00108648
												0.993248	-0.00108602	-0.116007
												-1.11757	-0.369509	-10.0085
											}
										}
										{bone "shooter_r_02"
											{Matrix34
												0.116011	0.00096781	0.993247
												0.000966112	-0.999999	0.000860809
												-0.993247	-0.000860202	0.116011
												1.42682	2.37445	14.0254
											}
										}
										{bone "shooter_r_fx_02"
											{Matrix34
												-0.116011	-0.000967816	-0.993247
												-0.00096678	-0.999999	0.00108668
												0.993247	-0.0010863	-0.116009
												-1.12175	2.37454	-10.008
											}
										}
									}
									{bone "foresight_rocket_r"
										{Matrix34
											-0.949214	-0.314628	0.00126736
											-0.000725777	-0.00183883	-0.999998
											0.31463	-0.949213	0.00151717
											-14.8186	2.18893	0.0408001
										}
									}
								}
							}
						}
					}
				}
				{bone revolute "leftweaponattach"
					{limits -8 8}
					{speed 0.02}
					{Matrix34
						0	0	-1
						-0.26596	0.963984	0
						0.963984	0.26596	0
						5.34453	9.32334	17.874
					}
					{bone "missile_loader_l"
						{parameters "ID=Missile_l;"}
						{Matrix34
							1	0	0
							0	0	1
							0	-1	0
							0	0	0
						}
						{VolumeView "missile_loader_l.ply"}
						{bone "missile_loader_l_bone"
							{Matrix34
								-1	0	0
								0	0.0143604	-0.999897
								0	-0.999897	-0.01436
								0.188734	-0.0233231	-1.40207
							}
							{bone "missile_joint_l"
								{parameters "ID=Missile_l;"}
								{Position 0.136547	-2.64651	-2.30118}
								{VolumeView "missile_joint_l.ply"}
								{bone revolute "missile_joint_l_bone"
									{limits -13 28}
									{speed 0.02}
									{Matrix34
										0	-0.93959	0.342304
										0	-0.342304	-0.939589
										1	0	0
										0	0.658367	-1.76101
									}
									{bone "missile_l"
										{parameters "ID=Missile_l;"}
										{Matrix34
											0	0	1
											-0.93959	-0.342303	0
											0.342304	-0.939589	0
											1.54996	3.87401	-1.02788
										}
										{VolumeView "missile_l.ply"}
										{bone "rocket_l_08"
											{parameters "ID=Missile_l;"}
											{Matrix34
												0	0.086856	-0.996221
