;Exported by: Xpycmb
;Date:        Sun Dec 31 00:09:43 2023
;File:        C:\Users\Xpycmb\Documents\3ds Max 2020\scenes\skirmisher_base_smg2.max
{Skeleton
	{bone revolute "basis"
		{limits 0 -0}
		{speed 0.2}
		{terminator}
		{Orientation
			1	0	0
			0	-1	0
			0	0	1
		}
		{bone revolute "h_dr_signal"
			{limits -90 90}
			{speed 1}
			{Matrix34
				0.999995	0.000183246	-0.00329533
				-0.00018367	1	-0.000122459
				0.00329531	0.000123064	0.999995
				7.00171	0	28.296
			}
			{bone revolute "v_dr_signal"
				{limits -45 45}
				{speed 1}
				{Matrix34
					-0.00717313	0.0366931	-0.999301
					0.998937	0.0457629	-0.00548418
					0.045527	-0.998278	-0.0369853
					-0.00837088	-0.000312424	2.54045
				}
				{bone "foresight_signal"
					{Matrix34
						-0.00405356	0.998722	0.0503847
						0.0367138	0.0505042	-0.998049
						-0.999317	-0.00218347	-0.0368779
						1.37032	1.03443	1.7642
					}
				}
			}
		}
		{bone "placement"
		}
		{bone "move"
			{parameters "hkaSkeleton = Reference;hkaBone = 0;"}
			{bone "reference"
				{parameters "hkaSkeleton = Reference;hkaBone = 0;"}
				{Orientation
					0	-1	0
					0	0	1
					-1	0	0
				}
				{bone "hips"
					{parameters "hkaSkeleton = Reference;hkaBone = 1;"}
					{Matrix34
						0	0.574945	-0.818192
						0	0.818192	0.574946
						1	0	0
						0	18.5448	0
					}
					{bone "spine"
						{parameters "hkaSkeleton = Reference;hkaBone = 2;"}
						{Matrix34
							0.99531	-0.0967344	0
							0.0967343	0.99531	0
							0	0	1
							0.692066	0	0
						}
						{bone "spine1"
							{parameters "hkaSkeleton = Reference;hkaBone = 3;"}
							{Matrix34
								0.718443	-0.695516	-0.00986705
								0.69553	0.718493	-0.00255697
								0.008868	-0.0050266	0.999948
								4.34501	0	0
							}
							{bone "rightarm"
								{parameters "hkaSkeleton = Reference;hkaBone = 7;"}
								{Matrix34
									-0.119982	0.992721	-0.0104697
									0.989859	0.118815	-0.0778665
									-0.0760563	-0.0197055	-0.996909
									4.66851	-2.31441	2.27845
								}
								{bone "rightforearm"
									{parameters "hkaSkeleton = Reference;hkaBone = 8;"}
									{Matrix34
										0.805101	-0.59222	0.0329936
										-0.593068	-0.802902	0.0601701
										-0.00914395	-0.0680099	-0.997643
										-6.28316	0	-1.09673e-05
									}
									{bone "righthand"
										{parameters "hkaSkeleton = Reference;hkaBone = 9;"}
										{Matrix34
											0.950069	0.31178	-0.0127209
											-0.311926	0.950032	-0.0118999
											0.00837422	0.0152736	0.999848
											-8.08633	0	0
										}
										{bone "righthandindex1"
											{parameters "hkaSkeleton = Reference;hkaBone = 10;"}
											{Matrix34
												0.990681	-0.131485	-0.0355282
												0.129921	0.99058	-0.0432636
												0.0408811	0.0382448	0.998432
												-3.28498	-1.23978e-05	0
											}
											{bone "righthandpinky1"
												{parameters "hkaSkeleton = Reference;hkaBone = 11;"}
												{Matrix34
													0.850537	0.524532	-0.0381236
													-0.525293	0.850821	-0.0130747
													0.0255771	0.0311465	0.999188
													-1.63451	-0.0249577	0.665132
												}
												{bone "righthandpinky2"
													{parameters "hkaSkeleton = Reference;hkaBone = 12;"}
													{Position -1.35302	0	0}
												}
											}
											{bone "righthandmiddle1"
												{parameters "hkaSkeleton = Reference;hkaBone = 13;"}
												{Matrix34
													0.850772	0.521831	0.0622876
													-0.523868	0.851528	0.0215024
													-0.04182	-0.0509241	0.997827
													-1.59568	0.0249844	-0.665145
												}
												{bone "righthandmiddle2"
													{parameters "hkaSkeleton = Reference;hkaBone = 14;"}
													{Position -1.34002	0	0}
												}
											}
											{bone "righthandthumb1"
												{parameters "hkaSkeleton = Reference;hkaBone = 15;"}
												{Matrix34
													-0.0111713	-0.999074	-0.0415439
													-0.999367	0.0125591	-0.033298
													0.0337899	0.0411455	-0.998582
													-0.297508	1.66193	0.113917
												}
												{bone "righthandthumb2"
													{parameters "hkaSkeleton = Reference;hkaBone = 16;"}
													{Position -0.81394	0	0}
												}
											}
											{bone "righthandtoe_sm"
												{parameters "ID=RightHandToe;"}
												{Matrix34
													-0.633601	-0.771826	-0.0532395
													0.0339404	0.0410196	-0.998582
													0.772915	-0.634509	0.000205204
													-0.979688	0.236293	0.0730925
												}
												{VolumeView "righthandtoe_sm.ply"}
												{bone "footstep_hooffront_r"
													{Matrix34
														1	0	-0.000178035
														0	1	0
														0.000178674	0	1
														-0.000217438	0.0462661	-1.20376
													}
												}
											}
											{bone "rightpiston_forearmtoindex_frontbaselower"
												{parameters "Clear;"}
												{Matrix34
													0.979307	-0.20063	0.0265449
													-0.199277	-0.978844	-0.0464139
													0.0352963	0.0401637	-0.99857
													-0.306797	1.1386	0.0911264
												}
												{bone "rightpiston_forearmtoindex_frontlimitdown"
													{parameters "Clear;"}
													{Matrix34
														-0.999998	-0.0013808	0.00138224
														-0.00138274	0.999998	-0.00138086
														-0.00138125	-0.00138263	-0.999998
														0.821029	0	0
													}
												}
												{bone "rightpiston_forearmtoindex_frontdeformend"
													{parameters "Clear;"}
													{Matrix34
														-0.999998	-0.0013808	0.00138224
														-0.00138274	0.999998	-0.00138086
														-0.00138125	-0.00138263	-0.999998
														2.00766	0	0
													}
												}
											}
										}
										{bone "righthand_sm"
											{parameters "ID=RightHand;"}
											{Matrix34
												-0.730149	-0.683283	0.00274567
												-0.00187057	-0.00201887	-0.999996
												0.683285	-0.730152	0.000194979
												-2.98537	-0.298102	0.0963256
											}
											{VolumeView "righthand_sm.ply"}
										}
									}
									{bone "rightforearm_sm"
										{parameters "ID=RightForeArm;"}
										{Matrix34
											-0.480661	-0.876675	0.0201637
											-0.00966579	-0.0176954	-0.999797
											0.876853	-0.480759	3.10129e-05
											-3.66702	-0.12367	-0.223573
										}
										{VolumeView "rightforearm_sm.ply"}
										{bone "blade_r_link"
											{Matrix34
												0	1	-3.11747e-05
												-1	0	3.43004e-05
												3.45558e-05	3.15572e-05	1
												-3.04903	-0.204935	1.61954
											}
											{bone "blade_r"
												{parameters "CommonMesh;ID=RightForeArm;"}
												{VolumeView "blade_r.ply"}
											}
											{bone "blade_joint2_r"
												{Matrix34
													0.999579	-0.00551764	0.0284857
													0.0222269	0.776668	-0.629518
													-0.0186506	0.629885	0.776464
													-0.007056	-1.24972	-2.58479
												}
											}
											{bone "blade_tail_r"
												{Matrix34
													0.999579	-0.00508913	0.0285653
													0.0222268	0.767128	-0.641109
													-0.0186506	0.641474	0.766918
													0.0264127	-4.58451	-6.66588
												}
											}
											{bone "blade_joint_r"
												{Matrix34
													1	-0.000222734	0
													0.000222634	0.99997	-0.00767702
													0	0.00767698	0.999971
													-0.0274191	0.0409527	0.0114861
												}
											}
										}
									}
									{bone "rightpiston_armtoforearm_frontbasedeform"
										{parameters "Clear;"}
										{Matrix34
											-0.00969384	-0.0176816	-0.999797
											0.993759	-0.111282	-0.00766809
											-0.111124	-0.993632	0.0186502
											-2.96299	-1.58293	0.019748
										}
										{bone "rightpiston_armtoforearm_frontlimitdown"
											{parameters "Clear;"}
											{Matrix34
												-0.999998	-0.00138119	0.0013828
												-0.0013823	0.999998	-0.00138074
												-0.00138069	-0.0013828	-0.999998
												0.652675	0	0
											}
										}
										{bone "rightpiston_armtoforearm_frontdeformend"
											{parameters "Clear;"}
											{Matrix34
												-0.999998	-0.00138119	0.0013828
												-0.0013823	0.999998	-0.00138074
												-0.00138069	-0.0013828	-0.999998
												1.80155	0	0
											}
										}
									}
									{bone "rightpiston_armtoforearm_backbasedeform"
										{parameters "Clear;"}
										{Matrix34
											0.737887	-0.674889	0.00685896
											0.674875	0.737673	-0.0195696
											0.00814675	0.019069	0.999785
											1.38287	0.346343	-0.0689287
										}
										{bone "rightpiston_armtoforearm_backlimitdown"
											{parameters "Clear;"}
											{Position 0.623954	0	0}
										}
										{bone "rightpiston_armtoforearm_backdeformend"
											{parameters "Clear;"}
											{Position 1.81417	0	0}
										}
									}
									{bone "rightpiston_forearmtoindex_frontbaseupper"
										{parameters "Clear;"}
										{Matrix34
											-0.999785	0.0180541	0.0102012
											-0.017868	-0.999677	0.0180541
											0.010523	0.0178679	0.999785
											-8.15296	-0.018693	0.0504246
										}
										{bone "rightpiston_forearmtoindex_frontlimitup"
											{parameters "Clear;"}
											{Position 1.33233	0	0}
										}
									}
									{bone "rightpiston_armtoforearm"
										{parameters "CommonMesh;ID=RightPiston_ArmToForeArm;"}
										{Matrix34
											-0.0096942	-0.0176814	-0.999797
											0.480691	0.876658	-0.0201649
											0.876836	-0.480789	0
											-0.398755	-1.74732	0.00417328
										}
										{VolumeView "rightpiston_armtoforearm.ply"}
									}
									{bone "rightpiston_armtoforearm_frontbasedeform_target"
										{Matrix34
											0.993943	-0.109744	-0.00583599
											0.00784464	0.0178891	0.999809
											-0.109619	-0.993799	0.018642
											-2.96299	-1.58294	0.0197468
										}
									}
								}
								{bone "rightarm_sm"
									{parameters "ID=Rightarm;"}
									{Matrix34
										0.132731	0.987173	-0.0887244
										0.0118246	0.0879324	0.996056
										0.991082	-0.133257	0
										-3.1207	0.0734658	0.0730121
									}
									{VolumeView "rightarm_sm.ply"}
									{bone "armour_shoulder_right"
										{parameters "ID=armour_shoulder_right;"}
										{Matrix34
											1	0	0
											0	1	0
											0	0	1
											1.6132	-0.36724	2.60323
										}
										{VolumeView "armour_shoulder_right.ply"}
									}
								}
								{bone "rightpiston_armtoforearm_frontbaseupper"
									{parameters "Clear;"}
									{Matrix34
										-0.86548	0.499931	-0.0318287
										0.50074	0.861569	-0.083419
										-0.0142818	-0.0881352	-0.996006
										-3.54205	0.613232	-0.0495675
									}
									{bone "rightpiston_armtoforearm_frontlimitup"
										{parameters "Clear;"}
										{Matrix34
											1	0	0
											0	0	1
											0	-1	0
											1.99689	0	0
										}
									}
								}
								{bone "rightpiston_armtoforearm_backbaseupper"
									{parameters "Clear;"}
									{Matrix34
										-0.994623	-0.101248	0.0217524
										0.102775	-0.990863	0.0873433
										0.012711	0.0891088	0.995941
										-1.85876	-0.727045	0.0612376
									}
									{bone "rightpiston_armtoforearm_backlimitup"
										{parameters "Clear;"}
										{Matrix34
											-0.999998	-0.00138097	0.001383
											-0.0013825	0.999998	-0.00138047
											-0.00138048	-0.00138302	-0.999998
											1.39869	0	0
										}
									}
								}
								{bone "rightpiston_armtoforearm_frontbaseupper_target"
									{Matrix34
										-0.86714	0.497017	-0.0323023
										0.0136315	0.088512	0.995982
										0.497879	0.863215	-0.0835276
										-3.54205	0.613232	-0.0495675
									}
								}
							}
							{bone "leftarm"
								{parameters "hkaSkeleton = Reference;hkaBone = 40;"}
								{Matrix34
									0.120215	-0.992661	-0.0131742
									-0.988123	-0.118365	-0.0979916
									0.0957122	0.0247983	-0.9951
									4.71268	-2.30297	-2.19767
								}
								{bone "leftforearm"
									{parameters "hkaSkeleton = Reference;hkaBone = 41;"}
									{Matrix34
										0.805101	-0.59222	0.0329927
										-0.593067	-0.802902	0.0601699
										-0.0091433	-0.0680106	-0.997643
										6.28317	1.23978e-05	0
									}
									{bone "lefthand"
										{parameters "hkaSkeleton = Reference;hkaBone = 42;"}
										{Matrix34
											0.950069	0.31178	-0.0127201
											-0.311926	0.950032	-0.0119
											0.00837516	0.0152738	0.999848
											8.08634	0	0
										}
										{bone "lefthandindex1"
											{parameters "hkaSkeleton = Reference;hkaBone = 43;"}
											{Matrix34
												0.990681	-0.131485	-0.0355274
												0.129921	0.99058	-0.0432637
												0.040882	0.0382446	0.998432
												3.28498	0	0
											}
											{bone "lefthandpinky1"
												{parameters "hkaSkeleton = Reference;hkaBone = 44;"}
												{Matrix34
													0.850537	0.524532	-0.0381229
													-0.525293	0.850821	-0.0130752
													0.025578	0.0311465	0.999188
													1.63451	0.0249624	-0.665131
												}
												{bone "lefthandpinky2"
													{parameters "hkaSkeleton = Reference;hkaBone = 45;"}
													{Position 1.35302	0	0}
												}
											}
											{bone "lefthandmiddle1"
												{parameters "hkaSkeleton = Reference;hkaBone = 46;"}
												{Matrix34
													0.850772	0.521831	0.0622883
													-0.523868	0.851528	0.0215019
													-0.0418191	-0.0509242	0.997827
													1.59567	-0.0249777	0.665134
												}
												{bone "lefthandmiddle2"
													{parameters "hkaSkeleton = Reference;hkaBone = 47;"}
													{Position 1.34002	0	0}
												}
											}
											{bone "lefthandthumb1"
												{parameters "hkaSkeleton = Reference;hkaBone = 48;"}
												{Matrix34
													-0.0111714	-0.999074	-0.0415438
													-0.999367	0.012559	-0.0332989
													0.0337891	0.0411456	-0.998582
													0.297503	-1.66193	-0.113919
												}
												{bone "lefthandthumb2"
													{parameters "hkaSkeleton = Reference;hkaBone = 49;"}
													{Position 0.813941	0	0}
												}
											}
											{bone "lefthandtoe_sm"
												{parameters "ID=LeftHandToe;"}
												{Matrix34
													0.633882	0.771595	0.0532406
													0.0339222	0.0410345	-0.998582
													-0.772686	0.634788	-0.000163839
													0.979692	-0.236295	-0.0731108
												}
												{VolumeView "lefthandtoe_sm.ply"}
												{bone "footstep_hooffront_l"
													{Matrix34
														1	0	0.00018571
														0	1	0
														-0.000186209	0	1
														0.000226021	-0.0193534	-1.20373
													}
												}
											}
											{bone "leftpiston_forearmtoindex_frontbaselower"
												{parameters "Clear;"}
												{Matrix34
													0.97883	-0.203326	0.0234512
													-0.202015	-0.97816	-0.0489169
													0.0328844	0.0431439	-0.998528
													0.306789	-1.1386	-0.0911306
												}
												{bone "leftpiston_forearmtoindex_frontlimitdown"
													{parameters "Clear;"}
													{Matrix34
														-0.999998	-0.00138059	0.00138308
														-0.00138298	0.999998	-0.00138071
														-0.0013804	-0.00138278	-0.999998
														-0.821023	0	0
													}
												}
												{bone "leftpiston_forearmtoindex_frontdeformend"
													{parameters "Clear;"}
													{Matrix34
														-0.999998	-0.00138059	0.00138308
														-0.00138298	0.999998	-0.00138071
														-0.0013804	-0.00138278	-0.999998
														-2.00766	0	0
													}
												}
											}
										}
										{bone "lefthand_sm"
											{parameters "ID=LeftHand;"}
											{Matrix34
												0.730398	0.683017	-0.00274488
												-0.00188681	-0.00200186	-0.999996
												-0.68302	0.7304	-0.000173949
												2.98537	0.298096	-0.0963449
											}
											{VolumeView "lefthand_sm.ply"}
										}
									}
									{bone "leftforearm_sm"
										{parameters "ID=LeftForeArm;"}
										{Matrix34
											0.480699	0.876654	-0.0201632
											-0.00968494	-0.0176858	-0.999797
											-0.876832	0.480796	-1.20274e-05
											3.66702	0.123672	0.223561
										}
										{VolumeView "leftforearm_sm.ply"}
										{bone "blade_l_link"
											{Matrix34
												0	0.999579	0.029027
												-0.983443	0.00525952	-0.181139
												-0.181215	-0.028546	0.983029
												-3.04909	0.175896	1.60847
											}
											{bone "blade_l"
												{parameters "CommonMesh;ID=LeftForeArm;"}
												{Position 0	0	0}
												{VolumeView "blade_l.ply"}
											}
											{bone "blade_joint_l"
												{Matrix34
													0.999362	-0.0241036	-0.0263545
													0.0284535	0.983322	0.179631
													0.0215852	-0.180267	0.983381
													0	0	0
												}
											}
											{bone "blade_joint2_l"
												{Matrix34
													0.999362	-0.0241036	-0.0263545
													0.00792195	0.869142	-0.4945
													0.0348248	0.493975	0.868778
													-0.0661561	-0.762069	-2.77388
												}
											}
											{bone "blade_tail_l"
												{Matrix34
													0.999362	-0.0241035	-0.0263545
													0.00792198	0.869142	-0.4945
													0.0348248	0.493975	0.868778
													-0.249058	-3.30627	-7.38265
												}
											}
										}
									}
									{bone "leftpiston_armtoforearm_frontbasedeform"
										{parameters "Clear;"}
										{Matrix34
											-0.993759	0.111284	0.0076673
											0.0096947	0.0176806	0.999797
											0.111126	0.993632	-0.0186487
											2.96299	1.58295	-0.0197532
										}
										{bone "leftpiston_armtoforearm_frontlimitdown"
											{parameters "Clear;"}
											{Matrix34
												-0.999998	-0.00138035	0.00138301
												-0.00138314	0.999998	-0.00138052
												-0.00138053	-0.00138297	-0.999998
												-0.652673	0	0
											}
										}
										{bone "leftpiston_armtoforearm_frontdeformend"
											{parameters "Clear;"}
											{Matrix34
												-0.999998	-0.00138035	0.00138301
												-0.00138314	0.999998	-0.00138052
												-0.00138053	-0.00138297	-0.999998
												-1.80155	0	0
											}
										}
									}
									{bone "leftpiston_armtoforearm_backbasedeform"
										{parameters "Clear;"}
										{Matrix34
											0.739879	-0.672733	0.00325649
											0.672671	0.739723	-0.0179985
											0.00970019	0.0155075	0.999833
											-1.38287	-0.346343	0.0689209
										}
										{bone "leftpiston_armtoforearm_backlimitdown"
											{parameters "Clear;"}
											{Position -0.623964	0	0}
										}
										{bone "leftpiston_armtoforearm_backdeformend"
											{parameters "Clear;"}
											{Position -1.81418	0	0}
										}
									}
									{bone "leftpiston_forearmtoindex_frontbaseupper"
										{parameters "Clear;"}
										{Matrix34
											-0.999856	0.0152556	0.00748313
											-0.0151407	-0.999769	0.0152558
											0.00771507	0.0151406	0.999856
											8.15295	0.0187044	-0.0504234
										}
										{bone "leftpiston_forearmtoindex_frontlimitup"
											{parameters "Clear;"}
											{Position -1.33234	0	0}
										}
									}
									{bone "leftpiston_armtoforearm"
										{parameters "CommonMesh;ID=LeftPiston_ArmToForeArm;"}
										{Matrix34
											-0.00969526	-0.0176805	-0.999797
											-0.480694	-0.876657	0.0201639
											-0.876835	0.480792	0
											0.398756	1.74734	-0.0041852
										}
										{VolumeView "leftpiston_armtoforearm.ply"}
									}
									{bone "leftpiston_armtoforearm_frontbasedeform_target"
										{Matrix34
											-0.993759	0.111284	0.0076672
											0.00969413	0.0176791	0.999797
											0.111126	0.993631	-0.0186474
											2.96299	1.58294	-0.0197532
										}
									}
								}
								{bone "leftarm_sm"
									{parameters "ID=leftarm;"}
									{Matrix34
										-0.13272	-0.987175	0.0887235
										0.0118321	0.0879316	0.996056
										-0.991083	0.133246	1.1216e-05
										3.1207	-0.0734644	-0.0729973
									}
									{VolumeView "leftarm_sm.ply"}
									{bone "armour_shoulder_left"
										{parameters "ID=armour_shoulder_left;"}
										{Matrix34
											1	0	0
											0	1	1.02818e-05
											0	0	1
											1.61317	0.510165	2.60326
										}
										{VolumeView "armour_shoulder_left.ply"}
									}
								}
								{bone "leftpiston_armtoforearm_frontbaseupper"
									{parameters "Clear;"}
									{Matrix34
										0.866146	-0.498652	0.0337402
										0.0118224	0.0879334	0.996056
										-0.499652	-0.862331	0.0820581
										3.54204	-0.613232	0.0495749
									}
									{bone "leftpiston_armtoforearm_frontlimitup"
										{parameters "Clear;"}
										{Position -1.9969	0	0}
									}
								}
								{bone "leftpiston_armtoforearm_backbaseupper"
									{parameters "Clear;"}
									{Matrix34
										-0.994381	-0.104147	0.018973
										0.10539	-0.990817	0.0847067
										0.00997616	0.0862311	0.996225
										1.85874	0.727048	-0.0612321
									}
									{bone "leftpiston_armtoforearm_backlimitup"
										{parameters "Clear;"}
										{Matrix34
											-0.999998	0.00138265	-0.00138108
											0.00138083	0.999998	0.00138234
											0.00138241	0.00138115	-0.999998
											-1.39869	0	0
										}
									}
								}
								{bone "leftpiston_armtoforearm_frontbaseupper_target"
									{Matrix34
										0.866145	-0.498653	0.0337403
										0.0118218	0.0879323	0.996056
										-0.499653	-0.862331	0.0820569
										3.54204	-0.613232	0.0495749
									}
								}
							}
							{bone "rightcablespinebacksm"
								{parameters "hkaSkeleton = Reference;hkaBone = 9;"}
								{Matrix34
									-0.901391	0.393535	0.180624
									-0.271797	-0.838948	0.471479
									0.337078	0.375893	0.863182
									-3.491	1.49528	2.19857
								}
							}
							{bone "rightcablespinefrontsm"
								{parameters "hkaSkeleton = Reference;hkaBone = 10;"}
								{Matrix34
									0.635915	-0.766653	0.0886329
									0.769125	0.639033	0.00922333
									-0.0637096	0.0623039	0.996022
									3.60936	-0.0328751	1.48992
								}
							}
							{bone "leftcablespinebacksm"
								{parameters "hkaSkeleton = Reference;hkaBone = 11;"}
								{Matrix34
									0.897671	-0.394499	0.196362
									0.262399	0.836513	0.481033
									-0.354026	-0.380284	0.854429
									-3.44699	1.50658	-2.25936
								}
							}
							{bone "leftcablespinefrontsm"
								{parameters "hkaSkeleton = Reference;hkaBone = 12;"}
								{Matrix34
									-0.637579	0.766221	0.0799844
									-0.769125	-0.639032	-0.00922351
									0.044046	-0.0673993	0.996753
									3.63808	-0.0254478	-1.41855
								}
							}
							{bone "body_sm"
								{parameters "ID=body;"}
								{Matrix34
									0.967905	0.251144	-0.00932414
									-0.00987574	0.000933908	-0.999951
									-0.251123	0.967949	0.00338343
									2.69851	1.2033	0.0613925
								}
								{VolumeView "body_sm.ply"}
								{bone "hydraulics_organ"
									{Matrix34
										0.0195167	0.999804	-0.00338666
										-0.999809	0.0195184	0.000284055
										0.000350534	0.00338123	0.999994
										-2.80882	0.0851994	-0.389702
									}
									{VolumeView "hydraulics_organ.ply"}
								}
								{bone "base_legs_front"
									{parameters "ID=body;"}
									{Matrix34
										0.0195164	0.999804	-0.00338672
										-0.999809	0.019518	0.000283708
										0.000349794	0.0033812	0.999994
										1.30525	-0.00806352	-4.21482
									}
									{VolumeView "base_legs_front.ply"}
								}
								{bone "fuel"
									{parameters "ID=fuel;"}
									{Matrix34
										0.0195157	0.999804	-0.00338654
										-0.999809	0.0195174	0.000284061
										0.000350378	0.0033811	0.999994
										-2.82961	0.101801	4.38914
									}
									{VolumeView "fuel.ply"}
								}
								{bone "front_armor"
									{parameters "ID=front_armor;"}
									{Matrix34
										0.642883	-0.0125498	0.765862
										0.022111	0.999753	-0.00217777
										-0.765645	0.018335	0.643002
										2.87419	-0.0203252	1.20514
									}
									{VolumeView "front_armor.ply"}
									{bone "detail1"
										{parameters "ID=armor;"}
										{Matrix34
											0.721822	0.209327	0.659663
											-0.625273	-0.211322	0.75125
											0.296658	-0.954738	-0.0216509
											-1.07747	-2.73245	-1.74366
										}
										{VolumeView "detail1.ply"}
									}
								}
								{bone "body_organ"
									{parameters "ID=body_organ;"}
									{Matrix34
										-0.00538063	0.99998	-0.00337828
										-0.999985	-0.00537914	0.000370096
										0.000351982	0.00338059	0.999994
										-0.717949	-0.00304994	-0.83098
									}
									{VolumeView "body_organ.ply"}
								}
							}
							{bone revolute "h_drive_bone"
								{parameters "ID=turret;"}
								{limits -35 35}
								{speed 0.01}
								{Matrix34
									0.968808	0.24761	0.0100102
									0.00971996	0.00239246	-0.99995
									-0.247622	0.968857	-8.95623e-05
									3.16696	3.16572	1.4769
								}
								{bone revolute "v_drive_bone"
									{limits -15 15}
									{speed 0.01}
									{Orientation
										0.999995	-0.000185901	0.00329385
										-0.00329872	-0.000118378	0.999995
										-0.000181799	-1	-0.000121312
									}
									{bone "rightweaponbase"
										{parameters "hkaSkeleton = Reference;hkaBone = 32;"}
										{Matrix34
											-0.0760869	-0.869712	0.487661
											0.0425018	0.485802	0.873034
											-0.996195	0.0871565	0
											0	0	0
										}
										{bone "weaponpiston_weaponbasetoweaponforearm_basedeform"
											{parameters "hkaSkeleton = Reference;hkaBone = 37;"}
											{Matrix34
												-0.260375	0.945177	0.197091
												0.939353	0.295178	-0.174603
												-0.223214	0.139677	-0.964711
												1.0492	-0.270869	-0.1831
											}
											{bone "weaponpiston_weaponbasetoweaponforearm_limitdown"
												{parameters "hkaSkeleton = Reference;hkaBone = 38;"}
												{Matrix34
													1	0	0
													0	1	0
													0	0	1
													1.20309	0	0
												}
											}
											{bone "weaponpiston_weaponbasetoweaponforearm_deformend"
												{parameters "hkaSkeleton = Reference;hkaBone = 39;"}
												{Matrix34
													1	0	0
													0	1	0
													0	0	1
													1.59551	0	0
												}
											}
										}
										{bone "rightweaponforearm"
											{parameters "hkaSkeleton = Reference;hkaBone = 33;"}
											{Matrix34
												-0.813394	0.516799	0.267033
												-0.53144	-0.846856	0.0201895
												0.23658	-0.12549	0.963474
												3.11274	-0.0558681	-0.258665
											}
											{bone "rightweaponaim"
												{parameters "hkaSkeleton = Reference;hkaBone = 34;"}
												{Matrix34
													1	0	0
													0	1	0
													0	0	1
													2.75057	-0.258875	-0.504645
												}
											}
											{bone "weaponattach"
												{parameters "hkaSkeleton = Reference;hkaBone = 35;"}
												{Matrix34
													0.0290762	-0.999491	0.0130986
													0.999558	0.0290049	-0.0065475
													0.00615247	0.0132779	0.999893
													2.78291	-0.0063889	-0.401976
												}
												{bone "mgun"
													{parameters "ID=Mgun;"}
													{Matrix34
														-0.999649	-0.0255031	0.00711225
														0.00250989	0.176106	0.984367
														-0.0263674	0.984041	-0.175984
														-0.0925789	0.0792198	-0.391961
													}
													{VolumeView "mgun.ply"}
													{bone "foresight"
														{Matrix34
															0	-1	0
															1	0	0
															0	0	1
															-1.27004	-8.10863	0.359682
														}
														{bone "fx_main"
															{Matrix34
																0.999978	0.000425626	-0.00659301
																-0.000429073	1	-0.000177591
																0.00659004	0.000187618	0.999978
																0	0	0
															}
														}
													}
													{bone "barrel"
														{parameters "ID=Mgun;"}
														{Matrix34
															0	-1	0
															0	0	1
															-1	0	0
															-1.28258	-3.1571	0.354656
														}
														{VolumeView "barrel.ply"}
														{bone "silencer"
															{parameters "ID=Mgun;"}
															{Matrix34
																1	0.000181334	0.000184039
																0.000182141	0	-1
																-0.000184308	1	0
																2.44566	0.00503159	0.00640774
															}
															{LODView
																{VolumeView "silencer.ply"}
																{VolumeView "silencer_lod1.ply"}
																{VolumeView "silencer_lod2.ply"}
																{VolumeView "silencer_lod3.ply"}
															}
														}
													}
													{bone "guard"
														{parameters "ID=Mgun;"}
														{Matrix34
															0	-1	0
															1	0	0
															0	0	1
															-1.28189	-3.64397	0.194098
														}
														{VolumeView "guard.ply"}
														{bone "laser"
															{parameters "ID=Mgun;"}
															{Matrix34
																0	0	-1
																1	0	0
																0	-1	0
																1.3802	-0.0304732	0.562218
															}
															{VolumeView "laser.ply"}
															{bone "shoot_search_ems"
																{parameters "CommonMesh;ID=missilelauncher;"}
																{Matrix34
																	0	0.914253	0.405144
																	-1	0	0
																	0	-0.405139	0.914255
																	-0.294493	0.382019	0.0875735
																}
																{visibility 0}
																{VolumeView "shoot_search_ems.ply"}
															}
															{bone "shoot_alarm_ems"
																{parameters "CommonMesh;ID=missilelauncher;"}
																{Matrix34
																	0	0.914253	0.405144
																	-1	0	0
																	0	-0.405139	0.914255
																	-0.294493	0.382019	0.0875735
																}
																{visibility 0}
																{VolumeView "shoot_alarm_ems.ply"}
															}
															{bone "shoot_hold_ems"
																{parameters "CommonMesh;ID=missilelauncher;"}
																{Matrix34
																	0	0.914253	0.405144
																	-1	0	0
																	0	-0.405139	0.914255
																	-0.294493	0.382019	0.0875735
																}
																{VolumeView "shoot_hold_ems.ply"}
															}
															{bone "fx_laser_point"
																{Matrix34
																	0	1	0
																	1	0	0
																	0	0	-1
																	-0.207567	0.426147	-0.147255
																}
																{bone "laser_point"
																	{parameters "ID=missilelauncher;"}
																	{Matrix34
																		0	1	0
																		0	0	1
																		1	0	0
																		-0.0467529	0	0
																	}
																	{visibility 0}
																	{VolumeView "laser_point.ply"}
																}
															}
														}
													}
													{bone "magazine"
														{parameters "ID=ammo;"}
														{Matrix34
															0	1	0
															-1	0	0
															0	0	1
															-1.33008	0.89733	-1.27682
														}
														{VolumeView "magazine.ply"}
														{bone "j_bullet_attach"
															{Matrix34
																0	-1	0
																1	0	0
																0	0	1
																-0.645903	1.21394	-0.361258
															}
															{bone "j_bullet_00"
																{Matrix34
																	-0.173652	0	-0.984808
																	0	1	0
																	0.984808	0	-0.173645
																	1.30591	0	1.56699
																}
																{bone "bullet74"
																	{parameters "ID=ammo;"}
																	{Matrix34
																		0	-1	0
																		-1	0	0
																		0	0	1
																		-0.268665	0	-0.0965147
																	}
																	{VolumeView "bullet74.ply"}
																}
															}
															{bone "j_bullet_01"
																{Matrix34
																	0.779142	-0.00185456	0.626848
																	-0.00921337	0.999854	0.0144149
																	-0.62678	-0.0170056	0.779008
																	1.25752	0	1.84834
																}
																{bone "bullet73"
																	{parameters "ID=ammo;"}
																	{Matrix34
																		0	-1	0
																		-1	0	0
																		0	0	1
																		-0.251789	0	0.0944004
																	}
																	{VolumeView "bullet73.ply"}
																}
															}
															{bone "j_bullet_02"
																{Matrix34
																	0.929953	0.00451765	0.367654
																	-0.01159	0.999788	0.0170382
																	-0.367493	-0.0201038	0.929807
																	1.00174	-0.000994682	1.77043
																}
																{bone "bullet72"
																	{parameters "ID=ammo;"}
																	{Matrix34
																		0	-1	0
																		-1	0	0
																		0	0	1
																		-0.275663	0	-0.000127792
																	}
																	{VolumeView "bullet72.ply"}
																}
															}
															{bone "j_bullet_03"
																{Matrix34
																	0.582575	0.015422	0.812633
																	-0.02821	0.999601	0.00125699
																	-0.812288	-0.0236564	0.582773
																	0.737654	-0.0026226	1.67102
																}
																{bone "bullet71"
																	{parameters "ID=ammo;"}
																	{Matrix34
																		0	-1	0
																		-1	0	0
																		0	0	1
																		-0.262388	0	-0.0106583
																	}
																	{VolumeView "bullet71.ply"}
																}
															}
															{bone "j_bullet_04"
																{Matrix34
																	0.872823	0.0238928	0.487454
																	-0.0232361	0.999703	-0.00738973
																	-0.487481	-0.00487511	0.873118
																	0.601293	-9.25064e-05	1.44336
																}
																{bone "bullet70"
																	{parameters "ID=ammo;"}
																	{Matrix34
																		0	-1	0
																		-1	0	0
																		0	0	1
																		-0.174194	0	-0.202972
																	}
																	{VolumeView "bullet70.ply"}
																}
															}
															{bone "j_bullet_05"
																{Matrix34
																	0.987093	-0.00485725	-0.160071
																	0.00340753	0.999951	-0.00933841
																	0.160115	0.0086753	0.987061
																	0.543639	-0.0132799	1.17654
																}
																{bone "bullet69"
																	{parameters "ID=ammo;"}
																	{Matrix34
																		0	-1	0
																		-1	0	0
																		0	0	1
																		-0.142839	0	-0.228533
																	}
																	{VolumeView "bullet69.ply"}
																}
															}
															{bone "j_bullet_06"
																{Matrix34
																	0.996106	-0.00752253	-0.087841
																	0.00555688	0.999729	-0.0226174
																	0.0879944	0.0220438	0.995877
																	0.366002	-0.0178671	0.969648
																}
																{bone "bullet68"
																	{parameters "ID=ammo;"}
																	{Matrix34
																		0	-1	0
																		-1	0	0
																		0	0	1
																		-0.178033	0	-0.204439
																	}
																	{VolumeView "bullet68.ply"}
																}
															}
															{bone "j_bullet_07"
																{Matrix34
																	0.995629	0.000808392	0.0933968
																	0.00211438	0.999512	-0.0311712
																	-0.0933695	0.0312347	0.995141
																	0.175951	-0.0243216	0.7747
																}
																{bone "bullet67"
																	{parameters "ID=ammo;"}
																	{Matrix34
																		0	-1	0
																		-1	0	0
																		0	0	1
																		-0.0368936	0	-0.262833
																	}
																	{VolumeView "bullet67.ply"}
																}
															}
															{bone "j_bullet_08"
																{Matrix34
																	0.996974	-0.0037313	0.0776544
																	0.00561248	0.999696	-0.0239964
																	-0.0775344	0.0243619	0.996692
																	0.168629	-0.0366259	0.502481
																}
																{bone "bullet66"
																	{parameters "ID=ammo;"}
																	{Matrix34
																		0	-1	0
																		-1	0	0
																		0	0	1
																		-0.16652	0	-0.21039
																	}
																	{VolumeView "bullet66.ply"}
																}
															}
															{bone "j_bullet_09"
																{Matrix34
																	0.961543	-0.0148367	-0.274251
																	0.0025735	0.998983	-0.0450243
																	0.274646	0.0425896	0.960603
																	0.0167265	-0.044384	0.273779
																}
																{bone "bullet65"
																	{parameters "ID=ammo;"}
																	{Matrix34
																		0	-1	0
																		-1	0	0
																		0	0	1
																		-0.131004	0	-0.236557
																	}
																	{VolumeView "bullet65.ply"}
																}
															}
														}
														{bone "cover_bone"
															{Matrix34
																-1	0	0
																0	-0.983167	0.182711
																0	0.182704	0.983167
																-0.685428	1.52815	0.431873
															}
															{bone "cover"
																{parameters "ID=ammo;"}
																{Matrix34
																	1	0	0
																	0	1	0
																	0	0	1
																	0	0	0
																}
																{VolumeView "cover.ply"}
															}
														}
													}
													{bone "fx_smoke"
														{Matrix34
															0.363223	0.000140724	-0.931701
															0.00654126	-0.999976	0.00239709
															-0.931679	-0.00696878	-0.363221
															-1.26979	0.251431	-0.656836
														}
														{bone "belt_drop"
															{parameters "ID=Mgun;"}
															{Matrix34
																0.998829	-0.00281248	-0.048286
																0.00318302	0.999966	0.00756032
																-0.0482676	0.00770254	-0.998805
																-0.100103	0.0333557	-0.00623703
															}
															{VolumeView "belt_drop.ply"}
														}
													}
													{bone "armed_bone"
														{parameters "hkaSkeleton = Reference;hkaBone = 35;"}
														{Matrix34
															-0.999649	0.00705032	-0.02553
															-0.0255022	0.0025545	0.999671
															0.007114	0.999972	-0.00237574
															-1.21078	0.172692	0.056509
														}
														{bone "recoil_bone"
															{parameters "hkaSkeleton = Reference;hkaBone = 35;"}
															{Matrix34
																1	0	0
																0	1	0
																0	0	1
																0	0	0
															}
															{bone "armed"
																{parameters "ID=Mgun;"}
																{Matrix34
																	-0.00705053	-0.00255324	-0.999972
																	-0.99965	-0.0254955	0.00711537
																	-0.0255221	0.999672	-0.00237722
																	0.0638623	0.588224	0.523682
																}
																{VolumeView "armed.ply"}
															}
															{bone "recoil"
																{parameters "ID=Mgun;"}
																{Matrix34
																	-0.00705175	-0.00255466	-0.999972
																	-0.999649	-0.0255085	0.00711441
