;Exported by: Xpycmb
;Date:        Wed Oct  6 17:37:10 2021
;File:        C:\Users\Xpycmb\Documents\3ds Max 2020\scenes\ciri_modern_arms.max
{Skeleton
	{bone revolute "basis"
		{limits -30 30}
		{speed 0.1}
		{Orientation
			1	0	0
			0	-1	0
			0	0	1
		}
		{bone "body"
			{Matrix34
				0	0	1
				0	-1	0
				1	0	0
				0	0.0344553	19.9224
			}
			{bone "foot1l"
				{Matrix34
					-0.993535	-0.0202594	0.111708
					0.11167	0.00297451	0.993741
					0.0204649	-0.99979	0.000692962
					-0.143509	-2.13095	-0.488995
				}
				{bone "foot2l"
					{Matrix34
						0.952382	-0.304908	-0.000107972
						0.304908	0.952382	-4.07621e-05
						0.000115259	0	1
						9.37838	-0.0471725	0
					}
					{bone "bone06"
						{Matrix34
							0.221381	0.973964	0.0488399
							-0.972284	0.216583	0.0880677
							0.0751968	-0.0669827	0.994916
							8.74023	0.113252	0.00567913
						}
					}
					{bone "foot3l"
						{Matrix34
							0.0905535	0.979616	0.179312
							0.00345667	-0.18036	0.983594
							0.995886	-0.0884482	-0.0197185
							9.2003	-0.34629	-0.0729971
						}
						{bone "bone07"
							{Position 2.60015	0	0}
						}
					}
				}
			}
			{bone revolute "ik_leftright"
				{limits -20 20}
				{speed 0.1}
				{Matrix34
					0	0	1
					0	-1	0
					1	0	0
					1.90368	0.0344548	0
				}
				{bone "ik_socket"
					{Matrix34
						0	1	0
						1	0	0
						0	0	1
						0	0	0
					}
					{bone "compensate"
						{Matrix34
							0	1	0
							1	0	0
							0	0	1
							0	0	0
						}
						{bone revolute "ik_updown"
							{limits -40 20}
							{speed 0.1}
							{Matrix34
								1	0	0
								0	0	1
								0	-1	0
								0	0	1.66801
							}
							{bone "gun_back"
								{Matrix34
									0.0147833	0.996075	0.0872693
									-0.149675	0.0884998	-0.984766
									-0.988625	0.00149539	0.150396
									-4.16774	-4.2536	2.42593
								}
							}
							{bone "clavicle_right"
								{Position -0.139178	6.12487	1.17254}
								{bone "hand1r"
									{Matrix34
										0.171549	-0.794953	0.581912
										0.9728	0.230014	0.0274393
										-0.15566	0.561376	0.812789
										0.0503404	-0.225971	2.95336
									}
									{bone "hand2r"
										{Matrix34
											0.555425	0.813492	-0.172433
											-0.827708	0.560785	-0.0205047
											0.0800189	0.154113	0.984808
											6.26812	0	0
										}
										{bone "hand3r"
											{Matrix34
												0.982611	-0.185677	0
												0.185676	0.982611	0
												0	0	1
												5.19218	0	0
											}
										}
										{bone "right_hand"
											{Matrix34
												0.968615	-0.225094	0.105442
												0.191903	0.946804	0.258332
												-0.157981	-0.229991	0.960285
												6.33401	0.913944	-0.654926
											}
										}
										{bone "hand_rot1r"
											{Matrix34
												0.00333601	-0.999958	0.00855875
												-0.999992	-0.00331792	0.00210686
												-0.00207923	-0.00856414	-0.999961
												5.19224	0	0
											}
											{bone "palm1r"
												{Matrix34
													-0.963565	-0.249482	-0.0964398
													-0.0459588	-0.20077	0.97856
													-0.263496	0.947338	0.181991
													0.0853548	-0.397721	0.0915813
												}
												{bone "palm2r_hide"
													{Matrix34
														-0.0995044	0.561585	-0.821413
														-0.0593587	0.820691	0.568282
														0.993265	0.105307	-0.0483284
														0.146143	0.242283	-1.2575
													}
													{bone "palm3r_hide"
														{Matrix34
															0.304938	0.952373	0
															-0.952372	0.304937	0
															0	0	1
															0.58188	-0.000114441	0
														}
														{bone "palm4r_hide"
															{Matrix34
																1	0	0
																0	1	0
																0	0	1
																0.53446	0	0
															}
														}
													}
												}
												{bone "palm2r"
													{Matrix34
														-0.0995061	0.561585	-0.821413
														-0.0593596	0.820691	0.568281
														0.993265	0.105305	-0.0483273
														0.146145	0.242285	-1.25751
													}
													{bone "palm3r"
														{Matrix34
															0.304938	0.952373	0
															-0.952372	0.304936	0
															0	0	1
															0.581879	-0.000114441	0
														}
													}
												}
												{bone "righthandindexbase"
													{Matrix34
														0.264357	0.207069	-0.941933
														-0.197279	-0.944416	-0.262984
														-0.944032	0.255345	-0.208813
														0.73683	-0.0176964	-1.47122
													}
													{bone "righthandindex1"
														{parameters "LastPose = undefined;"}
														{Position 0	0	0}
														{bone "righthandindex2"
															{Matrix34
																1	0	0
																0	1	0
																0	0	1
																0.858055	0	0
															}
															{bone "righthandindex3"
																{Matrix34
																	1	1.00881e-05	0
																	0	1	0
																	0	0	1
																	0.64282	0	0
																}
																{bone "righthandindex4"
																	{Matrix34
																		1	0	0
																		0	1	0
																		0	0	1
																		0.479884	0	0
																	}
																}
															}
															{bone "r_index3"
																{parameters "LastPose = undefined;"}
																{Matrix34
																	1	0	0
																	0	1	0
																	0	0	1
																	0.642816	0.555473	0
																}
															}
														}
														{bone "r_index2"
															{parameters "LastPose = undefined;"}
															{Position 0.858056	0.582945	0}
														}
													}
													{bone "r_index1"
														{Position 0	0.585602	0}
													}
												}
												{bone "righthandmiddlebase"
													{parameters "LastPose = undefined;"}
													{Matrix34
														0.0964124	0.24826	-0.963883
														-0.197277	-0.944417	-0.26298
														-0.975595	0.215507	-0.0420783
														0.279718	0.087513	-1.50613
													}
													{bone "righthandmiddle1"
														{parameters "LastPose = undefined;"}
														{Matrix34
															1	0	0
															0	1	0
															0	0	1
															0	0	0
														}
														{bone "righthandmiddle2"
															{Matrix34
																1	0	0
																0	1	0
																0	0	1
																0.991684	0	0
															}
															{bone "righthandmiddle3"
																{Matrix34
																	1	0	-1.91927e-05
																	0	1	0
																	1.9908e-05	0	1
																	0.741716	0	0
																}
																{bone "righthandmiddle4"
																	{Matrix34
																		1	0	0
																		0	1	-3.70145e-05
																		0	3.85046e-05	1
																		0.56016	0	1.14441e-05
																	}
																}
															}
															{bone "r_middle3"
																{parameters "LastPose = undefined;"}
																{Matrix34
																	1	0	0
																	0	1	0
																	0	0	1
																	0.741709	0.453119	0
																}
															}
														}
														{bone "r_middle2"
															{parameters "LastPose = undefined;"}
															{Matrix34
																1	0	0
																0	1	0
																0	0	1
																0.991685	0.507702	0
															}
														}
													}
													{bone "r_middle1"
														{parameters "LastPose = undefined;"}
														{Matrix34
															1	0	0
															0	1	0
															0	0	1
															0	0.555182	0
														}
													}
												}
												{bone "righthandringbase"
													{parameters "LastPose = undefined;"}
													{Matrix34
														-0.0744613	0.281915	-0.956545
														-0.197278	-0.944416	-0.262985
														-0.977516	0.169124	0.125937
														-0.181875	0.189146	-1.52485
													}
													{bone "righthandring1"
														{parameters "LastPose = undefined;"}
														{Matrix34
															1	0	0
															0	1	0
															0	0	1
															0	0	0
														}
														{bone "righthandring2"
															{parameters "LastPose = undefined;"}
															{Matrix34
																1	0	0
																0	1	0
																0	0	1
																0.858056	0	0
															}
															{bone "righthandring3"
																{Matrix34
																	1	0	0
																	0	1	-6.95139e-05
																	0	7.0706e-05	1
																	0.64282	0	0
																}
																{bone "righthandring4"
																	{Matrix34
																		1	0	0
																		0	1	0
																		0	0	1
																		0.487396	0	0
																	}
																}
															}
															{bone "r_ring3"
																{parameters "LastPose = undefined;"}
																{Matrix34
																	1	0	0
																	0	1	0
																	0	0	1
																	0.642817	0.46163	0
																}
															}
														}
														{bone "r_ring2"
															{parameters "LastPose = undefined;"}
															{Matrix34
																1	0	0
																0	1	0
																0	0	1
																0.858057	0.518654	0
															}
														}
													}
													{bone "r_ring1"
														{parameters "LastPose = undefined;"}
														{Matrix34
															1	0	0
															0	1	0
															0	0	1
															0	0.560668	0
														}
													}
												}
												{bone "righthandpinkybase"
													{parameters "LastPose = undefined;"}
													{Matrix34
														-0.243076	0.307	-0.920144
														-0.197278	-0.944416	-0.262984
														-0.949735	0.1176	0.290128
														-0.611532	0.282125	-1.53644
													}
													{bone "righthandpinky1"
														{parameters "LastPose = undefined;"}
														{Matrix34
															1	0	0
															0	1	0
															0	0	1
															0	0	0
														}
														{bone "righthandpinky2"
															{Matrix34
																1	0	1.37985e-05
																0	1	0
																-1.38581e-05	0	1
																0.716184	0	0
															}
															{bone "righthandpinky3"
																{Matrix34
																	1	0	0
																	0	1	-4.8548e-05
																	0	4.96954e-05	1
																	0.535684	0	0
																}
																{bone "righthandpinky4"
																	{Matrix34
																		1	0	0
																		0	1	0
																		0	0	1
																		0.39651	0	0
																	}
																}
															}
															{bone "r_pinky3"
																{parameters "LastPose = undefined;"}
																{Matrix34
																	1	0	0
																	0	1	0
																	0	0	1
																	0.53568	0.465424	0
																}
															}
														}
														{bone "r_pinky2"
															{parameters "LastPose = undefined;"}
															{Matrix34
																1	0	0
																0	1	0
																0	0	1
																0.716185	0.434149	0
															}
														}
													}
													{bone "r_pinky1"
														{parameters "LastPose = undefined;"}
														{Matrix34
															1	0	0
															0	1	0
															0	0	1
															0	0.463671	0
														}
													}
												}
												{bone "righthandthumbbase"
													{parameters "LastPose = undefined;"}
													{Matrix34
														0.718793	0.324476	-0.614859
														0.527116	-0.831012	0.177672
														-0.453304	-0.451815	-0.768362
														0.606987	-0.128696	-0.0563564
													}
													{bone "righthandthumb1"
														{Matrix34
															1	0	0
															0	1	0
															0	0	1
															0	0	0
														}
														{bone "righthandthumb2"
															{Matrix34
																1	-1.57654e-05	1.72704e-05
																1.47745e-05	1	0
																-1.70413e-05	0	1
																1.02929	0	0
															}
															{bone "righthandthumb3"
																{Matrix34
																	1	0	-1.34129e-05
																	-1.04047e-05	1	0
																	1.37091e-05	0	1
																	0.73094	0	0
																}
																{bone "righthandthumb4"
																	{Matrix34
																		1	0	0
																		0	1	0
																		0	0	1
																		0.529864	0	0
																	}
																}
															}
															{bone "r_thumb3"
																{parameters "LastPose = undefined;"}
																{Matrix34
																	1	0	0
																	0	1	0
																	0	0	1
																	0.730938	0.514256	0
																}
															}
														}
														{bone "r_thumb2"
															{parameters "LastPose = undefined;"}
															{Matrix34
																1	0	0
																0	1	0
																0	0	1
																1.0293	0.535988	0
															}
														}
													}
													{bone "r_thumb1"
														{parameters "LastPose = undefined;"}
														{Matrix34
															1	0	0
															0	1	0
															0	0	1
															0	0.592852	0
														}
													}
												}
											}
										}
									}
								}
							}
							{bone "clavicle_left"
								{Position -0.139178	6.12487	-1.18112}
								{bone "hand1l"
									{Matrix34
										0.171032	-0.795177	-0.581757
										0.97283	0.229808	-0.0281102
										0.156045	-0.561142	0.812877
										0.0503407	-0.225973	-2.95274
									}
									{bone "hand2l"
										{Matrix34
											0.578765	0.742685	0.336824
											-0.800264	0.5967	0.0593919
											-0.156875	-0.303921	0.939693
											6.26812	0	0
										}
										{bone "hand3l"
											{Matrix34
												0.982611	-0.185677	0
												0.185676	0.982611	0
												0	0	1
												5.19218	0	0
											}
										}
										{bone "left_hand"
											{Matrix34
												0.275673	0.823504	-0.495828
												0.00418859	-0.516839	-0.856073
												-0.961242	0.233919	-0.145927
												5.99778	-0.667301	0.409924
											}
										}
										{bone "hand_rot1l"
											{Matrix34
												0.00130197	-0.999931	0.0116367
												-0.999999	-0.00131428	-0.0010383
												0.00105377	-0.0116367	-0.999932
												5.25743	-0.000655174	-0.00162125
											}
											{bone "palm1l"
												{Matrix34
													0.965404	0.249251	-0.0766084
													-0.0261248	-0.199865	-0.979475
													-0.259447	0.947591	-0.186439
													0.0886889	-0.337658	-0.09161
												}
												{bone "palm2l"
													{Matrix34
														-0.00578293	0.491335	-0.870951
														-0.00434329	-0.87097	-0.491317
														-0.999974	0.000943214	0.00717011
														-0.0738363	0.242493	-1.26342
													}
													{bone "palm3l"
														{Matrix34
															0.578449	-0.815719	0
															0.815719	0.578449	0
															0	0	1
															0.578553	0.000164986	0
														}
													}
												}
												{bone "palm2l_hide"
													{Matrix34
														-0.00578305	0.491335	-0.870951
														-0.00434265	-0.87097	-0.491318
														-0.999974	0.000943691	0.00717005
														-0.0738363	0.242493	-1.26342
													}
													{bone "palm3l_hide"
														{Matrix34
															0.578448	-0.815719	0
															0.815719	0.578449	0
															0	0	1
															0.578553	0.000164032	0
														}
														{bone "palm4l_hide"
															{Matrix34
																1	0	0
																0	1	0
																0	0	1
																0.511902	-3.33786e-05	0
															}
														}
													}
												}
												{bone "lefthandindexbase"
													{parameters "LastPose = undefined;"}
													{Matrix34
														-0.264357	0.20707	-0.941933
														-0.19728	0.944416	0.262983
														0.944032	0.255345	-0.208812
														-0.736827	-0.0177002	-1.47122
													}
													{bone "lefthandindex1"
														{Position 0	0	0}
														{bone "lefthandindex2"
															{Matrix34
																1	0	0
																0	1	0
																0	0	1
																0.858052	0	0
															}
															{bone "lefthandindex3"
																{Matrix34
																	1	0	0
																	0	1	0
																	0	0	1
																	0.642821	0	0
																}
																{bone "lefthandindex4"
																	{Matrix34
																		1	0	0
																		0	1	0
																		0	0	1
																		0.479886	0	0
																	}
																}
															}
															{bone "l_index3"
																{parameters "LastPose = undefined;"}
																{Matrix34
																	1	0	0
																	0	1	0
																	0	0	1
																	0.634826	-0.419487	0
																}
															}
														}
														{bone "l_index2"
															{parameters "LastPose = undefined;"}
															{Position 0.858051	-0.418209	0}
														}
													}
													{bone "l_index1"
														{parameters "LastPose = undefined;"}
														{Position 0	-0.430471	0}
													}
												}
												{bone "lefthandmiddlebase"
													{parameters "LastPose = undefined;"}
													{Matrix34
														-0.0964112	0.24826	-0.963884
														-0.197278	0.944417	0.262979
														0.975595	0.215506	-0.0420766
														-0.279716	0.087513	-1.50614
													}
													{bone "lefthandmiddle1"
														{Matrix34
															1	0	0
															0	1	0
															0	0	1
															0	0	0
														}
														{bone "lefthandmiddle2"
															{Matrix34
																1	1.02371e-05	0
																-1.07884e-05	1	0
																0	0	1
																0.991681	0	0
															}
															{bone "lefthandmiddle3"
																{Matrix34
																	1	0	-2.00272e-05
																	0	1	0
																	1.9908e-05	0	1
																	0.741719	0	0
																}
																{bone "lefthandmiddle4"
																	{Matrix34
																		1	0	1.00434e-05
																		0	1	3.78191e-05
																		-1.00434e-05	-3.77595e-05	1
																		0.560158	0	1.52588e-05
																	}
																}
															}
															{bone "l_middle3"
																{parameters "LastPose = undefined;"}
																{Matrix34
																	1	0	0
																	0	1	0
																	0	0	1
																	0.741718	-0.448393	0
																}
															}
														}
														{bone "l_middle2"
															{parameters "LastPose = undefined;"}
															{Matrix34
																1	0	0
																0	1	0
																0	0	1
																0.991682	-0.46132	0
															}
														}
													}
													{bone "l_middle1"
														{parameters "LastPose = undefined;"}
														{Matrix34
															1	0	0
															0	1	0
															0	0	1
															0	-0.463573	0
														}
													}
												}
												{bone "lefthandringbase"
													{parameters "LastPose = undefined;"}
													{Matrix34
														0.0744622	0.281914	-0.956546
														-0.197277	0.944416	0.262984
														0.977516	0.169121	0.125938
														0.181878	0.189142	-1.52485
													}
													{bone "lefthandring1"
														{Position 0	0	0}
														{bone "lefthandring2"
															{Matrix34
																1	0	0
																0	1	0
																0	0	1
																0.858051	0	0
															}
															{bone "lefthandring3"
																{Matrix34
																	1	0	0
																	0	1	7.09891e-05
																	0	-7.10487e-05	1
																	0.642824	0	0
																}
																{bone "lefthandring4"
																	{Matrix34
																		1	0	0
																		0	1	0
																		0	0	1
																		0.487397	0	0
																	}
																}
															}
															{bone "l_ring3"
																{parameters "LastPose = undefined;"}
																{Position 0.642823	-0.517252	0}
															}
														}
														{bone "l_ring2"
															{parameters "LastPose = undefined;"}
															{Matrix34
																1	0	0
																0	1	0
																0	0	1
																0.858057	-0.428918	0
															}
														}
													}
													{bone "l_ring1"
														{parameters "LastPose = undefined;"}
														{Position 0	-0.493237	0}
													}
												}
												{bone "lefthandpinkybase"
													{parameters "LastPose = undefined;"}
													{Matrix34
														0.243076	0.306999	-0.920144
														-0.197278	0.944416	0.262984
														0.949735	0.117599	0.290129
														0.611536	0.282124	-1.53645
													}
													{bone "lefthandpinky1"
														{Position 0	0	0}
														{bone "lefthandpinky2"
															{Matrix34
																1	0	1.40071e-05
																0	1	0
																-1.37091e-05	0	1
																0.716187	0	0
															}
															{bone "lefthandpinky3"
																{Matrix34
																	1	0	0
																	0	1	4.9375e-05
																	0	-4.98071e-05	1
																	0.535682	0	0
																}
																{bone "lefthandpinky4"
																	{Matrix34
																		1	0	0
																		0	1	0
																		0	0	1
																		0.396508	0	0
																	}
																}
															}
															{bone "l_pinky3"
																{parameters "LastPose = undefined;"}
																{Position 0.535685	-0.47179	0}
															}
														}
														{bone "l_pinky2"
															{parameters "LastPose = undefined;"}
															{Matrix34
																1	0	0
																0	1	0
																0	0	1
																0.71619	-0.383927	0
															}
														}
													}
													{bone "l_pinky1"
														{parameters "LastPose = undefined;"}
														{Position 0	-0.498642	0}
													}
												}
												{bone "lefthandthumbbase"
													{parameters "LastPose = undefined;"}
													{Matrix34
														-0.718792	0.324477	-0.61486
														0.527117	0.831011	-0.177672
														0.453306	-0.451814	-0.768361
														-0.606987	-0.128696	-0.0563645
													}
													{bone "lefthandthumb1"
														{Matrix34
															1	0	0
															0	1	0
															0	0	1
															0	0	0
														}
														{bone "lefthandthumb2"
															{Matrix34
																1	1.37165e-05	1.60206e-05
																-1.30162e-05	1	0
																-1.65179e-05	0	1
																1.02929	0	0
															}
															{bone "lefthandthumb3"
																{Matrix34
																	1	-1.01775e-05	-1.4402e-05
																	1.09188e-05	1	0
																	1.40406e-05	0	1
																	0.73094	0	0
																}
																{bone "bone009(mirrored)"
																	{Matrix34
																		1	0	0
																		0	1	0
																		0	0	1
																		0.529864	0	0
																	}
																}
															}
															{bone "l_thumb3"
																{parameters "LastPose = undefined;"}
																{Matrix34
																	1	0	0
																	0	1	0
																	0	0	1
																	0.730937	-0.541813	0
																}
															}
														}
														{bone "l_thumb2"
															{parameters "LastPose = undefined;"}
															{Matrix34
																1	0	0
																0	1	0
																0	0	1
																1.0293	-0.545839	0
															}
														}
													}
													{bone "l_thumb1"
														{parameters "LastPose = undefined;"}
														{Position 0	-0.602825	0}
													}
												}
											}
										}
									}
								}
							}
							{bone "head"
								{Matrix34
									0.999952	0.00413722	-0.00886167
									-0.00885882	-0.000694358	-0.999961
									-0.00414224	0.999991	-0.000657619
									0	7.21457	0
								}
								{bone "visor"
									{Matrix34
										1	0	0
										0	1	0
										0	0	1
										2.31916	0	2.33291
									}
								}
								{bone "helmet_link"
									{Matrix34
										0.00885575	0.999961	0.000665007
										-0.998741	0.00887765	-0.0493838
										-0.0493863	-0.000227123	0.99878
										0.42921	-0.00263497	2.93856
									}
									{bone "j_cosmetic_hair_front_ri1_ciri_recoil"
										{Matrix34
											-0.256175	0.151841	-0.95463
											0.284321	-0.932062	-0.224549
											-0.918937	-0.331713	0.213359
											-1.51135	-0.850542	0.400688
										}
										{bone "j_cosmetic_hair_front_ri1_ciri"
											{Position 0	0	0}
											{bone "j_cosmetic_hair_front_ri2_ciri_recoil"
												{Matrix34
													0.953492	0.0680951	-0.276393
													-0.0660628	0.997577	0.020623
													0.271049	-0.00136262	0.967629
													1.61279	0	5.14984e-05
												}
												{bone "j_cosmetic_hair_front_ri2_ciri"
													{Position 0	0	0}
													{bone "j_cosmetic_hair_front_ri3_ciri_recoil"
														{Matrix34
															0.986363	0	0.190962
															0	1	0
															-0.187413	0	0.977626
															1.62314	0	0.000167608
														}
														{bone "j_cosmetic_hair_front_ri3_ciri"
															{Position 0	0	0}
														}
													}
												}
											}
										}
									}
									{bone "j_cosmetic_hair_front2_le1_ciri_recoil"
										{Matrix34
											-0.548414	-0.0086913	-0.836162
											0.0197779	-0.999801	-0.00257778
											-0.835974	-0.0179519	0.548476
											0.0160068	-2.44109	1.43613
										}
										{bone "j_cosmetic_hair_front2_le1_ciri"
											{Matrix34
												1	0	0
												0	1	0
												0	0	1
												0	0	0
											}
											{bone "j_cosmetic_hair_front2_le2_ciri_recoil"
												{Matrix34
													0.900151	-0.434885	-0.0245717
													0.434828	0.894413	0.104639
													-0.0223717	-0.0997284	0.994763
													1.60611	0	5.53131e-05
												}
												{bone "j_cosmetic_hair_front2_le2_ciri"
													{bone "j_cosmetic_hair_front2_le3_ciri_recoil"
														{Matrix34
															0.883701	-0.435496	0.17458
															0.427345	0.899805	0.0844245
															-0.184595	0	0.982591
															0.946836	0	0.000102997
														}
														{bone "j_cosmetic_hair_front2_le3_ciri"
															{Position 0	0	0}
														}
													}
												}
											}
										}
									}
									{bone "j_cosmetic_hair_front_le1_ciri_recoil"
										{Matrix34
											0.0337374	0.320694	-0.946582
											-0.197128	-0.92638	-0.320874
											-0.979797	0.197423	0.0319641
											1.47452	-0.838382	0.413105
										}
										{bone "j_cosmetic_hair_front_le1_ciri"
											{Position 0	0	0}
											{bone "j_cosmetic_hair_front_le2_ciri_recoil"
												{Matrix34
													0.957341	0.254321	0.137181
													-0.255987	0.966662	-0.00596652
													-0.127589	-0.0279706	0.991433
													1.6061	0	5.20349e-05
												}
												{bone "j_cosmetic_hair_front_le2_ciri"
													{bone "j_cosmetic_hair_front_le3_ciri_recoil"
														{Matrix34
															0.979807	0	0.193446
															0	1	0
															-0.184974	0	0.983992
															0.947266	0	0.000100136
														}
														{bone "j_cosmetic_hair_front_le3_ciri"
															{Position 0	0	0}
														}
													}
												}
											}
										}
									}
								}
								{bone "j_eyeball_ri_c"
									{Matrix34
										0.00885606	0.99996	0.00122859
										-0.999953	0.00885096	0.00401766
										0.00400756	-0.00126432	0.999991
										1.94552	-0.725524	2.87808
									}
								}
								{bone "j_eyeball_le_c"
									{Matrix34
										0.00885759	0.999958	0.00223105
										-0.999955	0.00884952	0.00356034
										0.00354139	-0.0022627	0.999991
										2.02342	0.668	2.88137
									}
								}
							}
						}
					}
				}
			}
			{bone revolute "placement"
				{Matrix34
					0	1	0
					-1	0	0
					0	0	1
					0.783108	0	0
				}
			}
			{bone "foot1r"
				{Matrix34
					-0.993574	0.0113922	0.112613
					0.112601	-0.00168383	0.993639
					0.0115094	0.999934	0.000390052
					-0.143518	2.17103	-0.488755
				}
				{bone "foot2r"
					{Matrix34
						0.951795	-0.306736	-0.00010452
						0.306736	0.951795	-3.96455e-05
						0.00011162	0	1
						9.37831	-0.0472314	0
					}
					{bone "bone03"
						{Matrix34
							0.221381	0.973964	0.0488397
							-0.972284	0.216583	0.0880676
							0.0751968	-0.0669828	0.994917
							8.74023	0.113253	0.00567937
						}
					}
					{bone "foot3r"
						{Matrix34
							0.0880284	0.974738	0.205272
							0.00721268	0.205443	-0.978643
							-0.996092	0.0876285	0.0110542
							9.2003	-0.346288	-0.0729969
						}
						{bone "bone05"
							{Position 2.60015	0	0}
						}
					}
				}
			}
		}
		{bone revolute "foresight2rot"
			{limits -20 20}
			{speed 0.1}
			{Position 13.7429	0.0246876	27.5947}
		}
		{bone "palm_ik_holder_right02"
			{Matrix34
				0.91349	-0.205387	-0.351215
				0.40673	0.482936	0.775464
				0.0103435	-0.851228	0.524694
				0.986394	-7.77338	24.4102
			}
			{bone "palm_ik_holder_right01"
				{Matrix34
					0.00333616	-0.999958	0.00855848
					-0.999992	-0.00331813	0.00210749
					-0.00207892	-0.00856507	-0.999961
					5.19224	0	0
				}
				{bone "palm_ik_holder_right"
					{Matrix34
						-0.963565	-0.249482	-0.0964405
						-0.0459587	-0.200771	0.97856
						-0.263496	0.947338	0.18199
						0.119855	-0.164878	0.148729
					}
					{bone "ik_chain07"
						{Matrix34
							0.999956	0.00324067	-0.00886309
							2.76566e-05	0.938189	0.346125
							0.00943649	-0.34611	0.938147
							0.138653	1.07072	-1.80207
						}
					}
				}
			}
		}
		{bone "palm_ik_holder_left02"
			{Matrix34
				0.874056	0.0837705	-0.478548
				0.452877	-0.497059	0.740159
				-0.175863	-0.863664	-0.472395
				0.983258	7.7804	24.4086
			}
			{bone "palm_ik_holder_left01"
				{Matrix34
					0.00130206	-0.999932	0.0116374
					-0.999999	-0.00131416	-0.00103822
					0.00105347	-0.0116357	-0.999932
					5.25744	-0.000657082	-0.00162315
				}
				{bone "palm_ik_holder_left"
					{Matrix34
						0.965404	0.249251	-0.0766093
						-0.026124	-0.199865	-0.979475
						-0.259446	0.947591	-0.186439
						0.0856133	-0.338799	-0.0894642
					}
					{bone "ik_chain08"
						{Matrix34
							0.999967	-0.00286269	0.00758457
							0.000204399	0.944171	0.329455
							-0.00810421	-0.329443	0.944141
							-0.0736465	1.03671	-1.81879
						}
					}
				}
			}
		}
		{bone "1stp"
			{parameters "CommonMesh;"}
			{VolumeView "1stp.ply"}
		}
	}
}
