;Exported by: Xpycmb
;Date:        Sat Mar 30 23:26:03 2024
;File:        C:\Users\Xpycmb\Documents\3ds Max 2020\scenes\skirmisher_base_ags.max
{Skeleton
	(include "anim_instance.inc")	
	{bone revolute "basis"
		{limits 0 -0}
		{speed 0.2}
		{terminator}
		{Orientation
			1	0	0
			0	-1	0
			0	0	1
		}
		{bone "health"
			{Matrix34
				0	1	0
				-1	0	0
				0	0	1
				0	0	1567.67
			}
		}
		{bone revolute "h_dr_signal"
			{speed 1}
			{Matrix34
				0.999995	0.000183246	-0.00329533
				-0.00018367	1	-0.000122459
				0.00329531	0.000123064	0.999995
				7.00171	0	28.296
			}
			{bone revolute "v_dr_signal"
				{speed 1}
				{Matrix34
					-0.00717313	0.0366931	-0.999301
					0.998937	0.0457629	-0.00548418
					0.045527	-0.998278	-0.0369853
					-0.00837088	-0.000312424	2.54045
				}
				{bone "foresight_signal"
					{Matrix34
						-0.00405356	0.998722	0.0503847
						0.0367138	0.0505042	-0.998049
						-0.999317	-0.00218347	-0.0368779
						1.37032	1.03443	1.7642
					}
				}
			}
		}
		{bone "placement"
		}
		{bone "move"
			{parameters "hkaSkeleton = Reference;hkaBone = 0;"}
			{bone "reference"
				{parameters "hkaSkeleton = Reference;hkaBone = 0;"}
				{Orientation
					0	-1	0
					0	0	1
					-1	0	0
				}
				{bone "hips"
					{parameters "hkaSkeleton = Reference;hkaBone = 1;"}
					{Matrix34
						0	0.574945	-0.818192
						0	0.818192	0.574946
						1	0	0
						0	18.5448	0
					}
					{bone "spine"
						{parameters "hkaSkeleton = Reference;hkaBone = 2;"}
						{Matrix34
							0.99531	-0.0967344	0
							0.0967343	0.99531	0
							0	0	1
							0.692066	0	0
						}
						{bone "spine1"
							{parameters "hkaSkeleton = Reference;hkaBone = 3;"}
							{Matrix34
								0.718443	-0.695516	-0.00986705
								0.69553	0.718493	-0.00255697
								0.008868	-0.0050266	0.999948
								4.34501	0	0
							}
							{bone "rightarm"
								{parameters "hkaSkeleton = Reference;hkaBone = 7;"}
								{Matrix34
									-0.119982	0.992721	-0.0104697
									0.989859	0.118815	-0.0778665
									-0.0760563	-0.0197055	-0.996909
									4.66851	-2.31441	2.27845
								}
								{bone "rightforearm"
									{parameters "hkaSkeleton = Reference;hkaBone = 8;"}
									{Matrix34
										0.805101	-0.59222	0.0329936
										-0.593068	-0.802902	0.0601701
										-0.00914395	-0.0680099	-0.997643
										-6.28316	0	-1.09673e-05
									}
									{bone "righthand"
										{parameters "hkaSkeleton = Reference;hkaBone = 9;"}
										{Matrix34
											0.950069	0.31178	-0.0127209
											-0.311926	0.950032	-0.0118999
											0.00837422	0.0152736	0.999848
											-8.08633	0	0
										}
										{bone "righthandindex1"
											{parameters "hkaSkeleton = Reference;hkaBone = 10;"}
											{Matrix34
												0.990681	-0.131485	-0.0355282
												0.129921	0.99058	-0.0432636
												0.0408811	0.0382448	0.998432
												-3.28498	-1.23978e-05	0
											}
											{bone "righthandpinky1"
												{parameters "hkaSkeleton = Reference;hkaBone = 11;"}
												{Matrix34
													0.850537	0.524532	-0.0381236
													-0.525293	0.850821	-0.0130747
													0.0255771	0.0311465	0.999188
													-1.63451	-0.0249577	0.665132
												}
												{bone "righthandpinky2"
													{parameters "hkaSkeleton = Reference;hkaBone = 12;"}
													{Position -1.35302	0	0}
												}
											}
											{bone "righthandmiddle1"
												{parameters "hkaSkeleton = Reference;hkaBone = 13;"}
												{Matrix34
													0.850772	0.521831	0.0622876
													-0.523868	0.851528	0.0215024
													-0.04182	-0.0509241	0.997827
													-1.59568	0.0249844	-0.665145
												}
												{bone "righthandmiddle2"
													{parameters "hkaSkeleton = Reference;hkaBone = 14;"}
													{Position -1.34002	0	0}
												}
											}
											{bone "righthandthumb1"
												{parameters "hkaSkeleton = Reference;hkaBone = 15;"}
												{Matrix34
													-0.0111713	-0.999074	-0.0415439
													-0.999367	0.0125591	-0.033298
													0.0337899	0.0411455	-0.998582
													-0.297508	1.66193	0.113917
												}
												{bone "righthandthumb2"
													{parameters "hkaSkeleton = Reference;hkaBone = 16;"}
													{Position -0.81394	0	0}
												}
											}
											{bone "righthandtoe_sm"
												{parameters "ID=RightHandToe;"}
												{Matrix34
													-0.633601	-0.771826	-0.0532395
													0.0339404	0.0410196	-0.998582
													0.772915	-0.634509	0.000205204
													-0.979688	0.236293	0.0730925
												}
												{VolumeView "righthandtoe_sm.ply"}
												{bone "footstep_hooffront_r"
													{Matrix34
														1	0	-0.000178035
														0	1	0
														0.000178674	0	1
														-0.000217438	0.0462661	-1.20376
													}
												}
											}
											{bone "rightpiston_forearmtoindex_frontbaselower"
												{parameters "Clear;"}
												{Matrix34
													0.979307	-0.20063	0.0265449
													-0.199277	-0.978844	-0.0464139
													0.0352963	0.0401637	-0.99857
													-0.306797	1.1386	0.0911264
												}
												{bone "rightpiston_forearmtoindex_frontlimitdown"
													{parameters "Clear;"}
													{Matrix34
														-0.999998	-0.0013808	0.00138224
														-0.00138274	0.999998	-0.00138086
														-0.00138125	-0.00138263	-0.999998
														0.821029	0	0
													}
												}
												{bone "rightpiston_forearmtoindex_frontdeformend"
													{parameters "Clear;"}
													{Matrix34
														-0.999998	-0.0013808	0.00138224
														-0.00138274	0.999998	-0.00138086
														-0.00138125	-0.00138263	-0.999998
														2.00766	0	0
													}
												}
											}
										}
										{bone "righthand_sm"
											{parameters "ID=RightHand;"}
											{Matrix34
												-0.730149	-0.683283	0.00274567
												-0.00187057	-0.00201887	-0.999996
												0.683285	-0.730152	0.000194979
												-2.98537	-0.298102	0.0963256
											}
											{VolumeView "righthand_sm.ply"}
										}
									}
									{bone "rightforearm_sm"
										{parameters "ID=RightForeArm;"}
										{Matrix34
											-0.480661	-0.876675	0.0201637
											-0.00966579	-0.0176954	-0.999797
											0.876853	-0.480759	3.10129e-05
											-3.66702	-0.12367	-0.223573
										}
										{VolumeView "rightforearm_sm.ply"}
									}
									{bone "rightpiston_armtoforearm_frontbasedeform"
										{parameters "Clear;"}
										{Matrix34
											-0.00969384	-0.0176816	-0.999797
											0.993759	-0.111282	-0.00766809
											-0.111124	-0.993632	0.0186502
											-2.96299	-1.58293	0.019748
										}
										{bone "rightpiston_armtoforearm_frontlimitdown"
											{parameters "Clear;"}
											{Matrix34
												-0.999998	-0.00138119	0.0013828
												-0.0013823	0.999998	-0.00138074
												-0.00138069	-0.0013828	-0.999998
												0.652675	0	0
											}
										}
										{bone "rightpiston_armtoforearm_frontdeformend"
											{parameters "Clear;"}
											{Matrix34
												-0.999998	-0.00138119	0.0013828
												-0.0013823	0.999998	-0.00138074
												-0.00138069	-0.0013828	-0.999998
												1.80155	0	0
											}
										}
									}
									{bone "rightpiston_armtoforearm_backbasedeform"
										{parameters "Clear;"}
										{Matrix34
											0.737887	-0.674889	0.00685896
											0.674875	0.737673	-0.0195696
											0.00814675	0.019069	0.999785
											1.38287	0.346343	-0.0689287
										}
										{bone "rightpiston_armtoforearm_backlimitdown"
											{parameters "Clear;"}
											{Position 0.623954	0	0}
										}
										{bone "rightpiston_armtoforearm_backdeformend"
											{parameters "Clear;"}
											{Position 1.81417	0	0}
										}
									}
									{bone "rightpiston_forearmtoindex_frontbaseupper"
										{parameters "Clear;"}
										{Matrix34
											-0.999785	0.0180541	0.0102012
											-0.017868	-0.999677	0.0180541
											0.010523	0.0178679	0.999785
											-8.15296	-0.018693	0.0504246
										}
										{bone "rightpiston_forearmtoindex_frontlimitup"
											{parameters "Clear;"}
											{Position 1.33233	0	0}
										}
									}
									{bone "rightpiston_armtoforearm"
										{parameters "CommonMesh;ID=RightPiston_ArmToForeArm;"}
										{Matrix34
											-0.0096942	-0.0176814	-0.999797
											0.480691	0.876658	-0.0201649
											0.876836	-0.480789	0
											-0.398755	-1.74732	0.00417328
										}
										{VolumeView "rightpiston_armtoforearm.ply"}
									}
									{bone "rightpiston_armtoforearm_frontbasedeform_target"
										{Matrix34
											0.993943	-0.109744	-0.00583599
											0.00784464	0.0178891	0.999809
											-0.109619	-0.993799	0.018642
											-2.96299	-1.58294	0.0197468
										}
									}
								}
								{bone "rightarm_sm"
									{parameters "ID=Rightarm;"}
									{Matrix34
										0.132731	0.987173	-0.0887244
										0.0118246	0.0879324	0.996056
										0.991082	-0.133257	0
										-3.1207	0.0734658	0.0730121
									}
									{VolumeView "rightarm_sm.ply"}
									{bone "armour_shoulder_right"
										{parameters "ID=armour_shoulder_right;"}
										{Matrix34
											1	0	0
											0	1	0
											0	0	1
											1.6132	-0.36724	2.60323
										}
										{VolumeView "armour_shoulder_right.ply"}
									}
								}
								{bone "rightpiston_armtoforearm_frontbaseupper"
									{parameters "Clear;"}
									{Matrix34
										-0.86548	0.499931	-0.0318287
										0.50074	0.861569	-0.083419
										-0.0142818	-0.0881352	-0.996006
										-3.54205	0.613232	-0.0495675
									}
									{bone "rightpiston_armtoforearm_frontlimitup"
										{parameters "Clear;"}
										{Matrix34
											1	0	0
											0	0	1
											0	-1	0
											1.99689	0	0
										}
									}
								}
								{bone "rightpiston_armtoforearm_backbaseupper"
									{parameters "Clear;"}
									{Matrix34
										-0.994623	-0.101248	0.0217524
										0.102775	-0.990863	0.0873433
										0.012711	0.0891088	0.995941
										-1.85876	-0.727045	0.0612376
									}
									{bone "rightpiston_armtoforearm_backlimitup"
										{parameters "Clear;"}
										{Matrix34
											-0.999998	-0.00138097	0.001383
											-0.0013825	0.999998	-0.00138047
											-0.00138048	-0.00138302	-0.999998
											1.39869	0	0
										}
									}
								}
								{bone "rightpiston_armtoforearm_frontbaseupper_target"
									{Matrix34
										-0.86714	0.497017	-0.0323023
										0.0136315	0.088512	0.995982
										0.497879	0.863215	-0.0835276
										-3.54205	0.613232	-0.0495675
									}
								}
							}
							{bone "leftarm"
								{parameters "hkaSkeleton = Reference;hkaBone = 40;"}
								{Matrix34
									0.120215	-0.992661	-0.0131742
									-0.988123	-0.118365	-0.0979916
									0.0957122	0.0247983	-0.9951
									4.71268	-2.30297	-2.19767
								}
								{bone "leftforearm"
									{parameters "hkaSkeleton = Reference;hkaBone = 41;"}
									{Matrix34
										0.805101	-0.59222	0.0329927
										-0.593067	-0.802902	0.0601699
										-0.0091433	-0.0680106	-0.997643
										6.28317	1.23978e-05	0
									}
									{bone "lefthand"
										{parameters "hkaSkeleton = Reference;hkaBone = 42;"}
										{Matrix34
											0.950069	0.31178	-0.0127201
											-0.311926	0.950032	-0.0119
											0.00837516	0.0152738	0.999848
											8.08634	0	0
										}
										{bone "lefthandindex1"
											{parameters "hkaSkeleton = Reference;hkaBone = 43;"}
											{Matrix34
												0.990681	-0.131485	-0.0355274
												0.129921	0.99058	-0.0432637
												0.040882	0.0382446	0.998432
												3.28498	0	0
											}
											{bone "lefthandpinky1"
												{parameters "hkaSkeleton = Reference;hkaBone = 44;"}
												{Matrix34
													0.850537	0.524532	-0.0381229
													-0.525293	0.850821	-0.0130752
													0.025578	0.0311465	0.999188
													1.63451	0.0249624	-0.665131
												}
												{bone "lefthandpinky2"
													{parameters "hkaSkeleton = Reference;hkaBone = 45;"}
													{Position 1.35302	0	0}
												}
											}
											{bone "lefthandmiddle1"
												{parameters "hkaSkeleton = Reference;hkaBone = 46;"}
												{Matrix34
													0.850772	0.521831	0.0622883
													-0.523868	0.851528	0.0215019
													-0.0418191	-0.0509242	0.997827
													1.59567	-0.0249777	0.665134
												}
												{bone "lefthandmiddle2"
													{parameters "hkaSkeleton = Reference;hkaBone = 47;"}
													{Position 1.34002	0	0}
												}
											}
											{bone "lefthandthumb1"
												{parameters "hkaSkeleton = Reference;hkaBone = 48;"}
												{Matrix34
													-0.0111714	-0.999074	-0.0415438
													-0.999367	0.012559	-0.0332989
													0.0337891	0.0411456	-0.998582
													0.297503	-1.66193	-0.113919
												}
												{bone "lefthandthumb2"
													{parameters "hkaSkeleton = Reference;hkaBone = 49;"}
													{Position 0.813941	0	0}
												}
											}
											{bone "lefthandtoe_sm"
												{parameters "ID=LeftHandToe;"}
												{Matrix34
													0.633882	0.771595	0.0532406
													0.0339222	0.0410345	-0.998582
													-0.772686	0.634788	-0.000163839
													0.979692	-0.236295	-0.0731108
												}
												{VolumeView "lefthandtoe_sm.ply"}
												{bone "footstep_hooffront_l"
													{Matrix34
														1	0	0.00018571
														0	1	0
														-0.000186209	0	1
														0.000226021	-0.0193534	-1.20373
													}
												}
											}
											{bone "leftpiston_forearmtoindex_frontbaselower"
												{parameters "Clear;"}
												{Matrix34
													0.97883	-0.203326	0.0234512
													-0.202015	-0.97816	-0.0489169
													0.0328844	0.0431439	-0.998528
													0.306789	-1.1386	-0.0911306
												}
												{bone "leftpiston_forearmtoindex_frontlimitdown"
													{parameters "Clear;"}
													{Matrix34
														-0.999998	-0.00138059	0.00138308
														-0.00138298	0.999998	-0.00138071
														-0.0013804	-0.00138278	-0.999998
														-0.821023	0	0
													}
												}
												{bone "leftpiston_forearmtoindex_frontdeformend"
													{parameters "Clear;"}
													{Matrix34
														-0.999998	-0.00138059	0.00138308
														-0.00138298	0.999998	-0.00138071
														-0.0013804	-0.00138278	-0.999998
														-2.00766	0	0
													}
												}
											}
										}
										{bone "lefthand_sm"
											{parameters "ID=LeftHand;"}
											{Matrix34
												0.730398	0.683017	-0.00274488
												-0.00188681	-0.00200186	-0.999996
												-0.68302	0.7304	-0.000173949
												2.98537	0.298096	-0.0963449
											}
											{VolumeView "lefthand_sm.ply"}
										}
									}
									{bone "leftforearm_sm"
										{parameters "ID=LeftForeArm;"}
										{Matrix34
											0.480699	0.876654	-0.0201632
											-0.00968494	-0.0176858	-0.999797
											-0.876832	0.480796	-1.20274e-05
											3.66702	0.123672	0.223561
										}
										{VolumeView "leftforearm_sm.ply"}
									}
									{bone "leftpiston_armtoforearm_frontbasedeform"
										{parameters "Clear;"}
										{Matrix34
											-0.993759	0.111284	0.0076673
											0.0096947	0.0176806	0.999797
											0.111126	0.993632	-0.0186487
											2.96299	1.58295	-0.0197532
										}
										{bone "leftpiston_armtoforearm_frontlimitdown"
											{parameters "Clear;"}
											{Matrix34
												-0.999998	-0.00138035	0.00138301
												-0.00138314	0.999998	-0.00138052
												-0.00138053	-0.00138297	-0.999998
												-0.652673	0	0
											}
										}
										{bone "leftpiston_armtoforearm_frontdeformend"
											{parameters "Clear;"}
											{Matrix34
												-0.999998	-0.00138035	0.00138301
												-0.00138314	0.999998	-0.00138052
												-0.00138053	-0.00138297	-0.999998
												-1.80155	0	0
											}
										}
									}
									{bone "leftpiston_armtoforearm_backbasedeform"
										{parameters "Clear;"}
										{Matrix34
											0.739879	-0.672733	0.00325649
											0.672671	0.739723	-0.0179985
											0.00970019	0.0155075	0.999833
											-1.38287	-0.346343	0.0689209
										}
										{bone "leftpiston_armtoforearm_backlimitdown"
											{parameters "Clear;"}
											{Position -0.623964	0	0}
										}
										{bone "leftpiston_armtoforearm_backdeformend"
											{parameters "Clear;"}
											{Position -1.81418	0	0}
										}
									}
									{bone "leftpiston_forearmtoindex_frontbaseupper"
										{parameters "Clear;"}
										{Matrix34
											-0.999856	0.0152556	0.00748313
											-0.0151407	-0.999769	0.0152558
											0.00771507	0.0151406	0.999856
											8.15295	0.0187044	-0.0504234
										}
										{bone "leftpiston_forearmtoindex_frontlimitup"
											{parameters "Clear;"}
											{Position -1.33234	0	0}
										}
									}
									{bone "leftpiston_armtoforearm"
										{parameters "CommonMesh;ID=LeftPiston_ArmToForeArm;"}
										{Matrix34
											-0.00969526	-0.0176805	-0.999797
											-0.480694	-0.876657	0.0201639
											-0.876835	0.480792	0
											0.398756	1.74734	-0.0041852
										}
										{VolumeView "leftpiston_armtoforearm.ply"}
									}
									{bone "leftpiston_armtoforearm_frontbasedeform_target"
										{Matrix34
											-0.993759	0.111284	0.0076672
											0.00969413	0.0176791	0.999797
											0.111126	0.993631	-0.0186474
											2.96299	1.58294	-0.0197532
										}
									}
								}
								{bone "leftarm_sm"
									{parameters "ID=leftarm;"}
									{Matrix34
										-0.13272	-0.987175	0.0887235
										0.0118321	0.0879316	0.996056
										-0.991083	0.133246	1.1216e-05
										3.1207	-0.0734644	-0.0729973
									}
									{VolumeView "leftarm_sm.ply"}
									{bone "armour_shoulder_left"
										{parameters "ID=armour_shoulder_left;"}
										{Matrix34
											1	0	0
											0	1	1.02818e-05
											0	0	1
											1.61317	0.510165	2.60326
										}
										{VolumeView "armour_shoulder_left.ply"}
									}
								}
								{bone "leftpiston_armtoforearm_frontbaseupper"
									{parameters "Clear;"}
									{Matrix34
										0.866146	-0.498652	0.0337402
										0.0118224	0.0879334	0.996056
										-0.499652	-0.862331	0.0820581
										3.54204	-0.613232	0.0495749
									}
									{bone "leftpiston_armtoforearm_frontlimitup"
										{parameters "Clear;"}
										{Position -1.9969	0	0}
									}
								}
								{bone "leftpiston_armtoforearm_backbaseupper"
									{parameters "Clear;"}
									{Matrix34
										-0.994381	-0.104147	0.018973
										0.10539	-0.990817	0.0847067
										0.00997616	0.0862311	0.996225
										1.85874	0.727048	-0.0612321
									}
									{bone "leftpiston_armtoforearm_backlimitup"
										{parameters "Clear;"}
										{Matrix34
											-0.999998	0.00138265	-0.00138108
											0.00138083	0.999998	0.00138234
											0.00138241	0.00138115	-0.999998
											-1.39869	0	0
										}
									}
								}
								{bone "leftpiston_armtoforearm_frontbaseupper_target"
									{Matrix34
										0.866145	-0.498653	0.0337403
										0.0118218	0.0879323	0.996056
										-0.499653	-0.862331	0.0820569
										3.54204	-0.613232	0.0495749
									}
								}
							}
							{bone "rightcablespinebacksm"
								{parameters "hkaSkeleton = Reference;hkaBone = 9;"}
								{Matrix34
									-0.901391	0.393535	0.180624
									-0.271797	-0.838948	0.471479
									0.337078	0.375893	0.863182
									-3.491	1.49528	2.19857
								}
							}
							{bone "rightcablespinefrontsm"
								{parameters "hkaSkeleton = Reference;hkaBone = 10;"}
								{Matrix34
									0.635915	-0.766653	0.0886329
									0.769125	0.639033	0.00922333
									-0.0637096	0.0623039	0.996022
									3.60936	-0.0328751	1.48992
								}
							}
							{bone "leftcablespinebacksm"
								{parameters "hkaSkeleton = Reference;hkaBone = 11;"}
								{Matrix34
									0.897671	-0.394499	0.196362
									0.262399	0.836513	0.481033
									-0.354026	-0.380284	0.854429
									-3.44699	1.50658	-2.25936
								}
							}
							{bone "leftcablespinefrontsm"
								{parameters "hkaSkeleton = Reference;hkaBone = 12;"}
								{Matrix34
									-0.637579	0.766221	0.0799844
									-0.769125	-0.639032	-0.00922351
									0.044046	-0.0673993	0.996753
									3.63808	-0.0254478	-1.41855
								}
							}
							{bone "body_sm"
								{parameters "CommonMesh;ID=body;"}
								{Matrix34
									0.967905	0.251144	-0.00932414
									-0.00987574	0.000933908	-0.999951
									-0.251123	0.967949	0.00338343
									2.69851	1.2033	0.0613925
								}
								{VolumeView "body_sm.ply"}
								{bone "hydraulics_organ"
									{Matrix34
										0.0195167	0.999804	-0.00338666
										-0.999809	0.0195184	0.000284055
										0.000350534	0.00338123	0.999994
										-2.80882	0.0851994	-0.389702
									}
									{VolumeView "hydraulics_organ.ply"}
								}
								{bone "base_legs_front"
									{parameters "ID=body;"}
									{Matrix34
										0.0195164	0.999804	-0.00338672
										-0.999809	0.019518	0.000283708
										0.000349794	0.0033812	0.999994
										1.30525	-0.00806352	-4.21482
									}
									{VolumeView "base_legs_front.ply"}
								}
								{bone "fuel"
									{parameters "ID=fuel;"}
									{Matrix34
										0.0195157	0.999804	-0.00338654
										-0.999809	0.0195174	0.000284061
										0.000350378	0.0033811	0.999994
										-2.82961	0.101801	4.38914
									}
									{VolumeView "fuel.ply"}
								}
								{bone "front_armor"
									{parameters "ID=front_armor;"}
									{Matrix34
										0.642883	-0.0125498	0.765862
										0.022111	0.999753	-0.00217777
										-0.765645	0.018335	0.643002
										2.87419	-0.0203252	1.20514
									}
									{VolumeView "front_armor.ply"}
									{bone "detail1"
										{parameters "ID=armor;"}
										{Matrix34
											0.721822	0.209327	0.659663
											-0.625273	-0.211322	0.75125
											0.296658	-0.954738	-0.0216509
											-1.07747	-2.73245	-1.74366
										}
										{VolumeView "detail1.ply"}
									}
								}
								{bone "body_health_damage"
									{parameters "ID=body_organ;"}
									{Position 0	0	0}
									{visibility 0}
									{VolumeView "body_health_damage.ply"}
								}
								{bone "body_health"
									{parameters "ID=body;"}
									{Position 0	0	0}
									{VolumeView "body_health.ply"}
								}
								{bone "body_organ"
									{parameters "ID=body_organ;"}
									{Matrix34
										-0.00538063	0.99998	-0.00337828
										-0.999985	-0.00537914	0.000370096
										0.000351982	0.00338059	0.999994
										-0.717949	-0.00304994	-0.83098
									}
									{VolumeView "body_organ.ply"}
								}
								{bone "upper_armor_raid"
									{parameters "ID=upper_armor_raid;"}
									{Matrix34
										0.0195161	0.999804	-0.00338666
										-0.984681	0.0186346	-0.173366
										-0.173269	0.00671883	0.984852
										0.0256538	-0.0675405	5.88807
									}
									{VolumeView "upper_armor_raid.ply"}
								}
							}
							{bone revolute "head_ik_v2"
								{limits -30 15}
								{speed 0.04}
								{Matrix34
									0.972449	0.232892	0.0101917
									0.232906	-0.972499	-0.000188881
									0.0098668	0.00255735	-0.999948
									5.97593	-0.00127602	0.0589692
								}
								{bone "neck"
									{parameters "hkaSkeleton = Reference;hkaBone = 4;"}
									{Matrix34
										0.70398	0.71022	0
										0.71022	-0.70398	0
										0	0	-1
										0	0	0
									}
									{bone "head_arm"
										{parameters "ID=Head_arm;"}
										{Matrix34
											0.690737	0.723106	0
											-1.59929e-05	1.40401e-05	-1
											-0.723107	0.690736	2.61111e-05
											1.21888	0.0596981	-7.35589e-05
										}
										{VolumeView "head_arm.ply"}
									}
									{bone revolute "head_ik_v"
										{limits -15 15}
										{speed 0.04}
										{Matrix34
											0.677289	0.735717	0
											-0.735718	0.677288	0
											0	0	1
											2.57356	0	0
										}
										{bone revolute "head_ik_v_damage"
											{limits -4 4}
											{speed 0.005}
											{Matrix34
												1	0	0
												0	1	0
												0	0	1
												0	0	0
											}
											{bone "neck1"
												{parameters "hkaSkeleton = Reference;hkaBone = 5;"}
												{Matrix34
													1	0	0
													0	1	0
													0	0	1
													0	0	0
												}
												{bone "cableneck1sm"
													{parameters "hkaSkeleton = Reference;hkaBone = 8;"}
													{Matrix34
														-0.0184542	-0.99983	0
														0.99983	-0.0184578	0
														0	0	1
														-0.073535	-1.3529	0
													}
												}
												{bone "head_link"
													{parameters "ID=head;"}
													{Matrix34
														0.99983	-0.0184577	0
														0	0	-1
														0.0184541	0.99983	0
														4.13997	-0.0933228	-0.451939
													}
													{VolumeView "head_link.ply"}
												}
												{bone revolute "head_ik_h"
													{limits -60 60}
													{speed 0.04}
													{Matrix34
														0.999659	-0.0184551	-0.0184555
														-0.0184551	0.000339276	-0.99983
														0.0184544	0.99983	0
														1.25143	0	0
													}
													{bone revolute "head_ik_h_damage"
														{limits -25 25}
														{speed 0.005}
														{Orientation
															1	0	0
															0	1	0
															0	0	1
														}
														{bone "head"
															{parameters "hkaSkeleton = Reference;hkaBone = 6;"}
															{Matrix34
																0.999659	-0.0184539	0.0184537
																-0.0184558	0.000339169	0.99983
																-0.0184565	-0.99983	0
																0	0	0
															}
															{bone "cableheadsm"
																{parameters "hkaSkeleton = Reference;hkaBone = 7;"}
																{Matrix34
																	-0.0184525	-0.99983	0
																	0.99983	-0.018459	0
																	0	0	1
																	3.44612	-0.964891	0.757392
																}
															}
															{bone "head_ems_bone"
																{parameters "hkaSkeleton = Reference;hkaBone = 7;"}
																{Matrix34
																	0.999593	-0.0224767	-0.0175984
																	-0.0175021	0.00437484	-0.999837
																	0.0225436	0.999738	0.00398462
																	5.0894	0.61587	-0.00508915
																}
															}
															{bone "head_sm"
																{parameters "ID=head;"}
																{Matrix34
																	0.99983	-0.018459	0
																	0	0	-1
																	0.0184527	0.99983	0
																	2.88853	-0.0933208	-0.451949
																}
																{VolumeView "head_sm.ply"}
																{bone "scanner"
																	{parameters "ID=visor_head;"}
																	{Matrix34
																		1	0	0
																		0	1	0
																		0	0	1
																		-0.883985	1.36897	0.775576
																	}
																	{VolumeView "scanner.ply"}
																	{bone "visor_head_bone"
																		{Matrix34
																			1	0	0
																			0	0	1
																			0	-1	0
																			0.529099	0	0.167652
																		}
																	}
																	{bone "visor_head_support_bone"
																		{Matrix34
																			1	0	0
																			0	0	1
																			0	-1	0
																			0.529099	0	0.167652
																		}
																	}
																	{bone "head_ems_03_hold"
																		{parameters "CommonMesh;ID=body;"}
																		{Matrix34
																			1	0	0
																			0	1	0
																			0	0	1
																			0.390996	0.0163009	0.163837
																		}
																		{visibility 0}
																		{VolumeView "head_ems_03_hold.ply"}
																	}
																	{bone "head_ems_03_search"
																		{parameters "CommonMesh;ID=body;"}
																		{Matrix34
																			1	0	0
																			0	1	0
																			0	0	1
																			0.390996	0.0163009	0.163837
																		}
																		{visibility 0}
																		{VolumeView "head_ems_03_search.ply"}
																	}
																	{bone "head_ems_03_alarm"
																		{parameters "CommonMesh;ID=body;"}
																		{Matrix34
																			1	0	0
																			0	1	0
																			0	0	1
																			0.390996	0.0163009	0.163837
																		}
																		{visibility 0}
																		{VolumeView "head_ems_03_alarm.ply"}
																	}
																}
																{bone "head_organ"
																	{parameters "ID=head_organ;"}
																	{Matrix34
																		0	1	0
																		-1	0	0
																		0	0	1
																		-0.465037	-0.606368	0.726509
																	}
																	{VolumeView "head_organ.ply"}
																}
																{bone "armour_head"
																	{parameters "ID=armour_head;"}
																	{Matrix34
																		0	0	1
																		-1	0	0
																		0	-1	0
																		-0.174461	-0.451937	1.47545
																	}
																	{VolumeView "armour_head.ply"}
																}
																{bone "head_ems_01_hold"
																	{parameters "CommonMesh;ID=head;"}
																	{Matrix34
																		1	0	0
																		0	1	0
																		0	0	1
																		2.1619	-0.451974	0.755606
																	}
																	{VolumeView "head_ems_01_hold.ply"}
																}
																{bone "head_ems_02_hold"
																	{parameters "CommonMesh;ID=head;"}
																	{Matrix34
																		1	0	0
																		0	1	0
																		0	0	1
																		0.742968	-0.451978	1.70521
																	}
																	{VolumeView "head_ems_02_hold.ply"}
																}
																{bone "head_ems_01_alarm"
																	{parameters "CommonMesh;ID=head;"}
																	{Matrix34
																		1	0	0
																		0	1	0
																		0	0	1
																		2.16384	-0.452046	0.755848
																	}
																	{visibility 0}
																	{VolumeView "head_ems_01_alarm.ply"}
																}
																{bone "head_ems_02_alarm"
																	{parameters "CommonMesh;ID=head;"}
																	{Matrix34
																		1	0	0
																		0	1	0
																		0	0	1
																		0.742968	-0.451978	1.70521
																	}
																	{visibility 0}
																	{VolumeView "head_ems_02_alarm.ply"}
																}
																{bone "scanlines_bone"
																	{Matrix34
																		-0.30645	0.951886	0
																		-0.951887	-0.30645	0
																		0	0	1
																		2.26822	-0.446857	0.749687
																	}
																	{bone "scanlines"
																		{parameters "CommonMesh;"}
																		{Matrix34
																			0.664463	0.241846	0.707107
																			0.664462	0.241846	-0.707107
																			-0.34202	0.939692	0
																			0	0	0
																		}
																		{visibility 0}
																		{VolumeView "scanlines.ply"}
																	}
																	{bone "scanlines_fx_bone"
																		{Matrix34
																			0.0183661	-0.95032	0.310731
																			-0.0115101	0.310561	0.950484
																			-0.999765	-0.0210368	-0.00523749
																			0.0247688	0.0769234	0
																		}
																	}
																}
																{bone "scanlines2_bone"
																	{Matrix34
																		-0.320549	0	-0.947231
																		-0.947231	0	0.320555
																		0	1	0
																		2.26822	-0.446857	0.749687
																	}
																	{bone "scanlines_2"
																		{parameters "CommonMesh;"}
																		{Matrix34
																			0.664468	0.241839	0.707105
																			0.664463	0.241847	-0.707104
																			-0.342024	0.939692	0
																			0	0	0
																		}
																		{visibility 0}
																		{VolumeView "scanlines_2.ply"}
																	}
																	{bone "scanlines2_fx_bone"
																		{Matrix34
																			0.0181782	-0.951877	-0.305936
																			0.999835	0.0172494	0.00571491
																			-0.000158481	-0.305999	0.952033
																			0.0259056	0.0765409	0
																		}
																	}
																}
																{bone "head_ems_01_search"
																	{parameters "CommonMesh;ID=head;"}
																	{Matrix34
																		1	0	0
																		0	1	0
																		0	0	1
																		2.1619	-0.451974	0.755606
																	}
																	{visibility 0}
																	{VolumeView "head_ems_01_search.ply"}
																}
																{bone "head_ems_02_search"
																	{parameters "CommonMesh;ID=head;"}
																	{Matrix34
																		1	0	0
																		0	1	0
																		0	0	1
																		0.742968	-0.451978	1.70521
																	}
																	{visibility 0}
																	{VolumeView "head_ems_02_search.ply"}
																}
																{bone "head_ems_00_hold"
																	{parameters "CommonMesh;ID=head;"}
																	{Matrix34
																		0	1	0
																		0	0	1
																		1	0	0
																		1.27445	-1.11651	0.485817
																	}
																	{VolumeView "head_ems_00_hold.ply"}
																}
																{bone "head_ems_00_alarm"
																	{parameters "CommonMesh;ID=head;"}
																	{Matrix34
																		0	1	0
																		0	0	1
																		1	0	0
																		1.2754	-1.11655	0.485937
																	}
																	{visibility 0}
																	{VolumeView "head_ems_00_alarm.ply"}
																}
																{bone "head_ems_00_search"
																	{parameters "CommonMesh;ID=head;"}
																	{Matrix34
																		0	1	0
																		0	0	1
																		1	0	0
																		1.27445	-1.11651	0.485817
																	}
																	{visibility 0}
																	{VolumeView "head_ems_00_search.ply"}
																}
																{bone "scanlines_fx"
																	{Matrix34
																		1	0	0
																		0	1	0
																		0	0	1
																		2.26822	-0.446857	0.749685
																	}
																}
															}
														}
													}
												}
											}
										}
									}
									{bone "head_wire"
										{parameters "CommonMesh;ID=Head_wire;"}
										{Matrix34
											0	0	-1
											-0.690752	-0.723092	0
											-0.723093	0.690751	0
											7.16379	-20.8543	-5.43635e-05
										}
										{VolumeView "head_wire.ply"}
									}
								}
							}
							{bone revolute "jump_link_v"
								{limits -15 15}
								{speed 0.2}
								{Matrix34
									0.972449	0.232892	0.0101917
									0.232906	-0.972499	-0.000188881
									0.0098668	0.00255735	-0.999948
									9.04607	3.3453	0.0978217
								}
								{bone revolute "jump_link_h"
									{limits -8 8}
									{speed 0.1}
									{Matrix34
										0.999659	-0.0184525	0.0184555
										-0.0184544	0.0003407	0.99983
										-0.0184576	-0.99983	0
										0	0	0
									}
								}
							}
							{bone "bridge_block"
								{parameters "CommonMesh;ID=bridge;"}
								{Matrix34
									0.00986727	0.00255722	-0.999948
									-0.967983	-0.25081	-0.0101938
									-0.250823	0.968033	0
									1.08138	-21.5013	-0.0442964
								}
								{VolumeView "bridge_block.ply"}
							}
							{bone "bridge_port_spine_start_05"
								{parameters "hkaSkeleton = Reference;hkaBone = 3;"}
								{Matrix34
									0.660789	-0.414237	-0.625911
									0.400226	-0.511005	0.760719
									-0.634962	-0.753181	-0.171878
									-2.04121	1.17717	-0.76291
								}
								{bone "bridge_port_spine_start_target_05"
									{Matrix34
										-1	0	0
										0	-1	0
										0	0	1
										0	0	0
									}
								}
							}
							{bone "bridge_port_spine_start_00"
								{parameters "hkaSkeleton = Reference;hkaBone = 3;"}
								{Matrix34
									0.659242	-0.431092	0.616084
									-0.397563	0.495615	0.772211
									-0.638235	-0.754006	0.155344
									-2.05561	1.17342	0.699426
								}
								{bone "bridge_port_spine_start_target_00"
									{Orientation
										-1	0	0
										0	-1	0
										0	0	1
									}
								}
							}
							{bone "bridge_port_spine_start_02"
								{parameters "hkaSkeleton = Reference;hkaBone = 3;"}
								{Matrix34
									0.765791	-0.631316	0.12249
									-0.258616	-0.127934	0.957471
									-0.588797	-0.7649	-0.26124
									0.280893	-1.01805	1.342
								}
								{bone "bridge_port_spine_start_target_02"
									{Matrix34
										-1	0	0
										0	-1	0
										0	0	1
										0	0	0
									}
								}
							}
							{bone "bridge_port_spine_start_03"
								{parameters "hkaSkeleton = Reference;hkaBone = 3;"}
								{Matrix34
									0.76307	-0.633092	-0.13007
									0.255186	0.110222	0.960589
									-0.593805	-0.766189	0.245664
									0.323634	-1.05559	-1.39778
								}
								{bone "bridge_port_spine_start_target_03"
									{Orientation
										-1	0	0
										0	-1	0
										0	0	1
									}
								}
							}
							{bone "bridge_port_spine_start_04"
								{parameters "hkaSkeleton = Reference;hkaBone = 3;"}
								{Matrix34
									0.505174	-0.795759	-0.334016
									0.150063	-0.300143	0.942017
									-0.849871	-0.526006	-0.0322106
									-0.464869	-0.356302	-1.82526
								}
								{bone "bridge_port_spine_start_target_04"
									{Orientation
										-1	0	0
										0	-1	0
										0	0	1
									}
								}
							}
							{bone "bridge_port_spine_start_01"
								{parameters "hkaSkeleton = Reference;hkaBone = 3;"}
								{Matrix34
									0.49478	-0.790885	0.360131
									-0.179497	0.312465	0.932816
									-0.850278	-0.526182	0.01264
									-0.500457	-0.365482	1.77898
								}
								{bone "bridge_port_spine_start_target_01"
									{Orientation
										-1	0	0
										0	-1	0
										0	0	1
									}
								}
							}
							{bone "bridge"
								{parameters "CommonMesh;ID=bridge;"}
								{Matrix34
									0.00986727	0.00255722	-0.999948
									-0.967983	-0.25081	-0.0101938
									-0.250823	0.968033	0
									1.08138	-21.5013	-0.0442964
								}
								{VolumeView "bridge.ply"}
							}
							{bone revolute "h_drive_bone"
								{parameters "ID=turret;"}
								{limits -35 35}
								{speed 0.01}
								{Matrix34
									0.968808	0.24761	0.0100102
									0.00971995	0.00239245	-0.99995
									-0.247622	0.968857	-8.95835e-05
									3.2914	3.19796	1.46725
								}
								{bone revolute "v_drive2_bone"
									{parameters "ID=turret;"}
									{limits -35 35}
									{speed 0.01}
									{Orientation
										0	0	1
										-1	0.000180808	0
										-0.000180309	-1	0
									}
									{bone "rightweaponbase"
										{parameters "hkaSkeleton = Reference;hkaBone = 32;"}
										{Matrix34
