;Exported by: Xpycmb
;Date:        Sat Jan 18 15:06:09 2025
;File:        C:\Users\Xpycmb\Documents\3ds Max 2020\scenes\r75_proj.max
{Skeleton
	{animation
		{sequence "tail"
			{speed 3}
			{events 
				{1 "start_5r_fg"}
			}		
			{autostart}
		}
	}
	{bone "basis"
		{Orientation
			1	0	0
			0	-1	0
			0	0	1
		}
		{bone "fx"
			{Matrix34
				-1	0	0
				0	1	0
				0	0	-1
				-9.91609	0	0
			}
			{bone "body"
				{parameters "ID=missile;"}
				{Matrix34
					-0.000371128	-0.999999	0.00139204
					-0.999985	0.000378795	0.00546747
					-0.005467	-0.00138969	-0.999984
					-5.11802	0	0
				}
				{VolumeView "body.ply"}
			}
			{bone "fx1"
				{Matrix34
					0.971825	0.117576	-0.204287
					-0.143598	0.982627	-0.117575
					0.186914	0.143598	0.971825
					-0.820951	0.44099	-0.791423
				}
			}
			{bone "fx2"
				{Matrix34
					0.972772	-0.231746	-0.00301838
					0.228402	0.960786	-0.157233
					0.0393381	0.152262	0.987557
					-0.825576	-0.924316	0.000183908
				}
			}
			{bone "fx3"
				{Matrix34
					0.973042	0.117708	0.198329
					-0.0800538	0.978864	-0.188194
					-0.216289	0.167244	0.961898
					-0.815629	0.462915	0.750696
				}
			}
		}
	}
}
