;Exported by: Xpycmb
;Date:        Fri Aug 23 01:19:03 2024
;File:        C:\Users\Xpycmb\Documents\3ds Max 2020\scenes\dreadnought_base_cannon_x.max
{Skeleton
	{bone revolute "basis"
		{limits 0 -0}
		{speed 0.2}
		{terminator}
		{Orientation
			1	0	0
			0	-1	0
			0	0	1
		}
		{bone revolute "h_dr_signal"
			{limits -45 45}
			{speed 0.1}
			{Matrix34
				0.999995	0.000183484	-0.00329533
				-0.000183909	1	-0.000122459
				0.00329531	0.000123064	0.999995
				39.3821	0	136.212
			}
			{bone revolute "v_dr_signal"
				{speed 1}
				{Matrix34
					0.00717313	-0.036693	-0.999301
					-0.998937	-0.0457629	-0.00548422
					-0.0455269	0.998278	-0.0369853
					-0.025116	-0.000931969	2.54033
				}
				{bone "foresight_signal"
					{Matrix34
						-0.00405354	0.998722	0.0503848
						0.0367138	0.0505042	-0.998049
						-0.999317	-0.00218351	-0.0368779
						1.37032	1.03444	1.7642
					}
				}
			}
		}
		{bone revolute "gas_drop_v"
			{speed 1}
			{Matrix34
				0.988321	-0.00316819	-0.152352
				0.152358	0.00528945	0.988311
				-0.00232458	-0.999981	0.00571258
				10.1963	-0.502546	23.6238
			}
			{bone revolute "gas_drop_h"
				{speed 1}
				{Matrix34
					0	0	1
					1	-1.75536e-05	0
					0	1	0
					0	0	0
				}
				{bone "gas_drop_foresight"
					{parameters "Socket;"}
					{Matrix34
						0	1	0
						-1	0	0
						0	0	1
						0	0	0
					}
				}
			}
		}
		{bone revolute "pestcontainer_drop_v"
			{speed 1}
			{Matrix34
				0.988321	-0.00316819	-0.152352
				0.152358	0.00528945	0.988311
				-0.00232458	-0.999981	0.00571258
				10.1963	-0.502546	26.2739
			}
			{bone revolute "pestcontainer_drop_h"
				{speed 1}
				{Matrix34
					0	0	1
					1	-1.70916e-05	0
					0	1	0
					0	0	0
				}
				{bone "pestcontainer_drop_foresight"
					{parameters "Socket;"}
					{Matrix34
						0	1	0
						-1	0	0
						0	0	1
						0	0	0
					}
				}
			}
		}
		{bone revolute "attack_melee_v"
			{speed 1}
			{Matrix34
				0.988321	-0.00316819	-0.152352
				0.152358	0.00528945	0.988311
				-0.00232458	-0.999981	0.00571258
				10.1963	-0.502546	18.2706
			}
			{bone revolute "attack_melee_h"
				{speed 1}
				{Matrix34
					0	0	1
					1	-1.75238e-05	0
					0	1	0
					0	0	0
				}
				{bone "attack_melee_foresight"
					{parameters "Socket;"}
					{Matrix34
						0	1	0
						-1	0	0
						0	0	1
						0	0	0
					}
				}
			}
		}
		{bone "concussion"
			{Position 39.6925	0	6.70328}
		}
		{bone "reference2"
			{Matrix34
				0	-1	0
				0	0	1
				-1	0	0
				0	0	0
			}
			{bone "hips"
				{parameters "hkaSkeleton = Reference;hkaBone = 1;"}
				{Position 0	124.731	-1.85864e-05}
				{bone "rightshoulder"
					{parameters "hkaSkeleton = Reference;hkaBone = 53;"}
					{Matrix34
						-0.0108507	-0.996691	-0.0805552
						0.133048	-0.0812833	0.987771
						-0.99105	0	0.133489
						23.5156	0	2.27428
					}
					{bone "rightupleg"
						{parameters "hkaSkeleton = Reference;hkaBone = 54;"}
						{Matrix34
							0.359758	-0.918099	0.166341
							0.932939	0.356649	-0.0492581
							-0.0141009	0.172906	0.984837
							-23.1217	1.62125e-05	-6.86646e-05
						}
						{bone "rightupleg1"
							{parameters "hkaSkeleton = Reference;hkaBone = 55;"}
							{Matrix34
								-0.594187	-0.784662	0.176768
								-0.676353	0.606374	0.418159
								-0.435302	0.128907	-0.891008
								-54.1843	-4.57764e-05	3.43323e-05
							}
							{bone "rightcableupperlegupsm"
								{parameters "Clear;"}
								{Matrix34
									-0.063181	-0.149458	0.986747
									0.921081	-0.389372	0
									0.384211	0.908874	0.162264
									-29.8621	16.2071	15.2124
								}
								{bone "rightcableupperlegup_00_clunk"
									{parameters "Clear;"}
									{Matrix34
										0	0.819152	0.573576
										0	0.573577	-0.819152
										-1	0	0
										0.0769081	0.314484	-9.18336
									}
								}
								{bone "rightcableupperlegup_01_clunk"
									{parameters "Clear;"}
									{Matrix34
										0	0.819152	0.573576
										0	0.573577	-0.819152
										-1	0	0
										0.0769081	-2.26006	-4.96998
									}
								}
								{bone "rightcableupperlegup_02_clunk"
									{parameters "Clear;"}
									{Matrix34
										0	0.819152	0.573576
										0	0.573577	-0.819152
										-1	0	0
										-1.08715	-4.77441	-1.0218
									}
								}
								{bone "rightcableupperlegup_03_clunk"
									{parameters "Clear;"}
									{Matrix34
										0	0.819152	0.573576
										0	0.573577	-0.819152
										-1	0	0
										-1.25207	-7.57815	3.15196
									}
								}
								{bone "rightcableupperlegupsm1_target"
									{Matrix34
										-0.335228	-0.84288	-0.420922
										-0.782234	0	0.622984
										-0.525102	0.538102	-0.659329
										0.106495	6.70665	8.57508
									}
								}
								{bone "rightcableupperlegupsm1"
									{parameters "Clear;"}
									{Position 0.106495	6.70665	8.57509}
								}
							}
							{bone "rightcableupperlegsm2"
								{parameters "Clear;"}
								{Matrix34
									-0.063181	-0.149458	0.986747
									0.921081	-0.389372	0
									0.384211	0.908874	0.162264
									-35.6153	1.27176	5.97414
								}
							}
							{bone "rightcableupperlegdownsm"
								{parameters "Clear;"}
								{Matrix34
									-0.063181	-0.149458	0.986747
									0.921081	-0.389372	0
									0.384211	0.908874	0.162264
									-72.314	6.4575	11.922
								}
								{bone "rightcableupperlegdownsm1"
									{parameters "Clear;"}
									{Position 1.77111	-12.799	-8.28914}
								}
							}
							{bone "rightleg"
								{parameters "hkaSkeleton = Reference;hkaBone = 56;"}
								{Matrix34
									0.454448	-0.889314	-0.0509639
									-0.890241	-0.451453	-0.0605109
									0.0308049	0.0728691	-0.996866
									-103.297	0.000116348	6.86646e-05
								}
								{bone "rightfoot"
									{parameters "hkaSkeleton = Reference;hkaBone = 57;"}
									{Matrix34
										0.500431	-0.865692	0.0121021
										-0.865473	-0.499835	0.0334796
										-0.0229339	-0.0272287	-0.999366
										-37.838	6.10352e-05	0.000171661
									}
									{bone "rightpiston_toetofoot_backbaseupper"
										{parameters "hkaSkeleton = Reference;hkaBone = 66;"}
										{Matrix34
											-0.953494	-0.300207	-0.0269196
											-0.0133462	0.131273	-0.991256
											0.301118	-0.944798	-0.129175
											1.17548	11.934	0.828205
										}
										{bone "rightpiston_toetofoot_backlimitup"
											{parameters "hkaSkeleton = Reference;hkaBone = 67;"}
											{Position 3.4316	-0.0668106	0.159765}
										}
									}
									{bone "rightpiston_foottoupleg_backbaselower"
										{parameters "hkaSkeleton = Reference;hkaBone = 68;"}
										{Matrix34
											0.956619	-0.291223	0.00831362
											-0.288218	-0.950148	-0.118951
											0.0425399	0.111395	-0.992865
											0.283184	0.610659	-0.0787086
										}
										{bone "rightpiston_upperlegtoleg_backrotdeform"
											{parameters "hkaSkeleton = Reference;hkaBone = 69;"}
											{Matrix34
												0.998685	0.0438072	0.0266219
												0.0506986	-0.920836	-0.386641
												0.00757742	0.387482	-0.921846
												4.77064	-2.24272	-1.26311
											}
											{bone "rightpiston_foottoupleg_backbasedeformend"
												{parameters "hkaSkeleton = Reference;hkaBone = 70;"}
												{Matrix34
													0.999919	-0.0124488	0.00285333
													0.0126094	0.926879	-0.375147
													0.00202592	0.375153	0.926961
													15.0425	0	2.86102e-05
												}
											}
											{bone "rightpiston_upperlegtoleg_frontlimitdown"
												{parameters "hkaSkeleton = Reference;hkaBone = 71;"}
												{Matrix34
													-0.999987	0.00492486	-0.00112534
													0.00493735	0.905884	-0.423497
													-0.00106669	-0.423498	-0.905896
													1.97499	-0.00957108	0.0023613
												}
											}
										}
									}
									{bone "rightpiston_toetoleg_frontbaselower"
										{parameters "hkaSkeleton = Reference;hkaBone = 72;"}
										{Matrix34
											0.999686	-0.021848	0.0123032
											-0.0203198	-0.993398	-0.112905
											0.0146881	0.11262	-0.99353
											-21.2655	-13.1519	-0.519863
										}
										{bone "rightpiston_toetoleg_frontbasedeform"
											{parameters "hkaSkeleton = Reference;hkaBone = 73;"}
											{Matrix34
												0.998975	-0.0438315	-0.0113331
												0.0441605	0.998559	0.0304924
												0.00997957	-0.0309614	0.999471
												-1.22721	0.675006	0.26281
											}
											{bone "rightpiston_toetoleg_frontbasedeformend"
												{parameters "hkaSkeleton = Reference;hkaBone = 74;"}
												{Matrix34
													0.998975	0.0441611	0.00998051
													-0.0438321	0.998559	-0.0309604
													-0.011334	0.0304914	0.999471
													21.4456	1.71661e-05	-8.7738e-05
												}
											}
											{bone "rightpiston_toetoleg_fronlimitdown"
												{parameters "hkaSkeleton = Reference;hkaBone = 75;"}
												{Matrix34
													-0.999756	-0.0220399	-0.001786
													-0.022029	0.999744	-0.00515087
													0.0018997	-0.00511045	-0.999985
													2.5999	0.0573111	0.0046463
												}
											}
										}
									}
									{bone "rightfoot_sm"
										{parameters "ID=Rightfoot;"}
										{Matrix34
											-0.337526	-0.933749	-0.119113
											0.0405136	0.112011	-0.992881
											0.940444	-0.33995	2.29318e-05
											-7.36655	-0.794876	-0.00941086
										}
										{VolumeView "rightfoot_sm.ply"}
										{bone "rightfoot_cylplate_01"
											{parameters "ID=RightFoot_cylplate_01;"}
											{Matrix34
												0	-1	2.25454e-05
												2.18451e-05	2.262e-05	1
												-1	0	2.13683e-05
												-2.87888	-8.94327	6.92812
											}
											{VolumeView "rightfoot_cylplate_01.ply"}
										}
										{bone "rightfoot_cylplate_02"
											{parameters "ID=RightFoot_cylplate_02;"}
											{Matrix34
												0	1	0
												-1	0	0
												0	0	1
												-1.58335	9.07906	7.03135
											}
											{VolumeView "rightfoot_cylplate_02.ply"}
										}
									}
									{bone prizmatic "righttoebase_spring"
										{limits -0.5 0.5}
										{speed2 6}
										{Matrix34
											-0.337547	-0.933742	-0.119112
											0.0404908	0.112018	-0.992881
											0.940437	-0.339968	0
											-22.5619	-6.48499e-05	0.000179291
										}
										{bone revolute "wheelr"
											{parameters "ID=wheelleft;Radius=35;"}
											{Orientation
												1	0	0
												0	0	1
												0	-1	0
											}
										}
									}
									{bone "rightpiston_toetofoot_backbaseupper_target"
										{Matrix34
											-0.953494	-0.300207	-0.0269194
											0.301035	-0.952962	-0.0352364
											-0.0150749	-0.0417014	0.999016
											1.17549	11.934	0.828205
										}
									}
									{bone "rightpiston_foottoupleg_backbaselower_target"
										{Matrix34
											0.953918	-0.300063	0.00186626
											0.299689	0.953007	0.0443122
											-0.0150749	-0.0417109	0.999016
											0.28318	0.610661	-0.0787125
										}
									}
									{bone "rightpiston_toetoleg_frontbaselower_target"
										{Matrix34
											0.999078	-0.0415885	0.0106922
											-0.0412039	-0.998575	-0.0339228
											0.0120877	0.033451	-0.999367
											-21.2655	-13.1519	-0.519867
										}
									}
									{bone "rightpiston_toetofoot"
										{parameters "CommonMesh;ID=Rightfoot;"}
										{Matrix34
											0.0121467	0.200849	-0.979547
											0.339614	0.920558	0.192965
											0.940486	-0.335013	-0.0570293
											0.540062	12.1356	0.523846
										}
										{VolumeView "rightpiston_toetofoot.ply"}
									}
									{bone "righttoebase"
										{parameters "hkaSkeleton = Reference;hkaBone = 58;"}
										{Matrix34
											0.714765	0.698247	0.0395102
											-0.699206	0.714666	0.0190759
											-0.0149162	-0.0412603	0.999037
											-22.5619	-6.48499e-05	0.000179291
										}
										{bone "righttoe1"
											{parameters "hkaSkeleton = Reference;hkaBone = 59;"}
											{Matrix34
												0.900333	0.43472	-0.0204829
												-0.434811	0.900522	0
												0.0184453	0.00890757	0.99979
												-21.9208	8.4877e-05	-0.000236511
											}
											{bone "righttoe1_sm"
												{parameters "ID=RightToe1;"}
												{Matrix34
													-0.995396	-5.06344e-05	-0.0958457
													0.095845	-4.72013e-05	-0.995396
													4.55257e-05	-1	5.2315e-05
													-8.89372	2.42565	-0.980549
												}
												{VolumeView "righttoe1_sm.ply"}
											}
										}
										{bone "righttoe3"
											{parameters "hkaSkeleton = Reference;hkaBone = 60;"}
											{Matrix34
												-0.900482	-0.4348	0.00905351
												-0.434818	0.900519	0
												-0.00815771	-0.00392803	-0.999959
												0.383755	13.1316	-0.364822
											}
											{bone "righttoe3_sm"
												{parameters "ID=RightToe3;"}
												{Matrix34
													-0.996427	-7.98101e-05	-0.0844628
													0.084462	7.7961e-05	-0.996427
													8.60905e-05	-1	-7.18041e-05
													-4.37049	1.99057	-0.459988
												}
												{VolumeView "righttoe3_sm.ply"}
											}
										}
										{bone "righttoe2"
											{parameters "hkaSkeleton = Reference;hkaBone = 61;"}
											{Matrix34
												-0.0184502	-0.00890788	-0.99979
												-0.4348	0.900527	0
												0.900338	0.434709	-0.0204875
												-8.38793	8.89625	10.1403
											}
											{bone "righttoe2_sm"
												{parameters "ID=RightToe2;"}
												{Matrix34
													-0.995396	0	-0.0958501
													0.0958506	1.01272e-05	-0.995396
													0	-1	-1.0173e-05
													-5.62629	1.74888	-2.12866
												}
												{VolumeView "righttoe2_sm.ply"}
											}
										}
										{bone "righttoe4"
											{parameters "hkaSkeleton = Reference;hkaBone = 62;"}
											{Matrix34
												0.0080728	0.00389795	0.99996
												-0.434803	0.900526	0
												-0.90049	-0.434785	0.00896396
												-8.56964	8.80855	-10.681
											}
											{bone "righttoe4_sm"
												{parameters "ID=RightToe4;"}
												{Matrix34
													-0.996434	0	-0.0843719
													0.0843725	0	-0.996434
													0	-1	0
													-5.45505	1.58594	0.863255
												}
												{VolumeView "righttoe4_sm.ply"}
											}
										}
										{bone "rightpiston_toetofoot_backbasedeform"
											{parameters "hkaSkeleton = Reference;hkaBone = 63;"}
											{Matrix34
												0.892207	-0.451626	0.00028389
												-0.450797	-0.890607	-0.0600086
												0.0273534	0.0534125	-0.998198
												5.33196	2.07137	-0.0256195
											}
											{bone "rightpiston_toetofoot_backbasedeformend"
												{parameters "hkaSkeleton = Reference;hkaBone = 64;"}
												{Matrix34
													0.999957	0.00365409	0.00847743
													-0.0035595	0.999932	-0.0110973
													-0.00851833	0.0110667	0.999903
													18.7513	3.24249e-05	3.43323e-05
												}
											}
											{bone "rightpiston_toetofoot_backlimitdown"
												{parameters "hkaSkeleton = Reference;hkaBone = 65;"}
												{Matrix34
													-0.999957	-0.00365415	-0.0084777
													-0.00355953	0.999932	-0.0110974
													0.00851857	-0.0110667	-0.999902
													2.53196	0.00919724	0.0213432
												}
											}
										}
										{bone "righttoebase_sm"
											{parameters "ID=RightToeBase;"}
											{Matrix34
												0.0679306	0.0328038	-0.997151
												0.897957	0.43357	0.0754371
												0.43481	-0.900523	0
												-10.4212	0.712522	-0.619236
											}
											{VolumeView "righttoebase_sm.ply"}
										}
										{bone "righttoebase_fx"
											{Matrix34
												-0.897936	-0.433613	-0.0754366
												0.0679087	0.0328478	-0.997151
												0.434855	-0.9005	-4.77989e-05
												-18.2824	7.35568	-1.00336
											}
										}
										{bone "rightpiston_toetofoot_backbasedeform_target"
											{Matrix34
												0.893774	-0.448432	0.00880487
												-0.44833	-0.893795	-0.01144
												0.0129993	0.00627768	-0.999896
												5.33195	2.07137	-0.0256157
											}
										}
									}
								}
								{bone "rightpiston_toetoleg_frontbaseupper"
									{parameters "hkaSkeleton = Reference;hkaBone = 76;"}
									{Matrix34
										-0.518899	0.854835	0.00092843
										-0.85218	-0.5172	-0.0793291
										-0.0673331	-0.0419543	0.996848
										-22.4334	0.859695	-0.204182
									}
									{bone "rightpiston_toetoleg_fronlimitup"
										{parameters "hkaSkeleton = Reference;hkaBone = 77;"}
										{Position 7.13311	4.1008e-05	-0.000156403}
									}
								}
								{bone "rightleg_sm"
									{parameters "ID=RightLeg;"}
									{Matrix34
										0.0871688	0.993832	0.0685567
										-0.0538892	-0.0640129	0.996493
										0.994735	-0.0905581	0.0479769
										-18.1578	0.433613	-0.232246
									}
									{VolumeView "rightleg_sm.ply"}
								}
								{bone "rightpiston_toetoleg_frontbaseupper_target"
									{Matrix34
										-0.511631	0.85916	0.00886091
										0.859029	0.511289	0.025549
										0.0174202	0.0206832	-0.999634
										-22.4334	0.859688	-0.204185
									}
								}
								{bone "rightpiston_toetoleg"
									{parameters "CommonMesh;ID=RightLeg;"}
									{Matrix34
										-0.0539153	-0.0640098	0.996492
										-0.64194	-0.762174	-0.0836908
										0.764857	-0.6442	0
										-29.5816	13.51	-0.506573
									}
									{VolumeView "rightpiston_toetoleg.ply"}
								}
							}
							{bone "rightpiston_upperlegtoshoulder_backbasedeform"
								{parameters "hkaSkeleton = Reference;hkaBone = 78;"}
								{Matrix34
									0.927956	-0.364154	-0.0793144
									-0.0436059	-0.317441	0.947275
									-0.370131	-0.87557	-0.310451
									-28.0976	9.26983	2.89446
								}
								{bone "rightpiston_upperlegtoshoulder_backbasedeformend"
									{parameters "hkaSkeleton = Reference;hkaBone = 79;"}
									{Matrix34
										1	0	0
										0	1	0
										0	0	1
										14.2454	5.72205e-05	0
									}
								}
								{bone "rightpiston_upperlegtoshoulder_backlimitdown"
									{parameters "hkaSkeleton = Reference;hkaBone = 80;"}
									{Matrix34
										-0.999849	0.0170262	0.0034415
										0.0171345	0.999272	0.0340973
										-0.0028594	0.0341518	-0.999413
										2.45483	-0.0416374	-0.00855637
									}
								}
							}
							{bone "rightpiston_upperlegtoleg_frontbaseupper"
								{parameters "hkaSkeleton = Reference;hkaBone = 81;"}
								{Matrix34
									-0.939666	0.341932	-0.0105445
									0.335824	0.927881	0.162044
									0.0651913	0.148726	-0.986727
									-69.7742	15.9069	2.44443
								}
								{bone "rightpiston_upperlegtoleg_frontlimitup"
									{parameters "hkaSkeleton = Reference;hkaBone = 82;"}
									{Matrix34
										0.997634	-0.0665161	0.0173534
										0.06857	0.980823	-0.182439
										-0.00488476	0.183197	0.983064
										24.3253	7.62939e-05	-8.01086e-05
									}
								}
							}
							{bone "rightarmorplate_knee"
								{parameters "hkaSkeleton = Reference;hkaBone = 83;"}
								{Matrix34
									-0.0631806	-0.149458	0.986747
									0.921081	-0.389372	0
									0.38421	0.908874	0.162264
									-103.297	0.000116348	6.86646e-05
								}
								{bone "rightarmorplate_knee_sm"
									{parameters "ID=RightArmorPlate_Knee;"}
									{Matrix34
										0	0	-1
										-1	0	0
										0	1	0
										0.214493	-4.23013	-7.34799
									}
									{VolumeView "rightarmorplate_knee_sm.ply"}
									{bone "kneepad_r"
										{parameters "ID=kneepad_r;"}
										{Matrix34
											1	0	0
											0	1	0
											0	0	1
											9.64248	-1.27699	-2.39086
										}
										{VolumeView "kneepad_r.ply"}
									}
									{bone "hydraulic_knee_right"
										{parameters "ID=hydraulic_knee_right;"}
										{Matrix34
											0	-1	0
											1	0	0
											0	0	1
											-6.24674	0.117203	3.87629
										}
										{VolumeView "hydraulic_knee_right.ply"}
									}
								}
							}
							{bone "rightpiston_upperlegtoshoulder_frontbasedeform"
								{parameters "hkaSkeleton = Reference;hkaBone = 84;"}
								{Matrix34
									0.847125	-0.44543	-0.28978
									0.375186	0.887528	-0.267448
									0.376318	0.11784	0.918966
									-60.7502	2.84857	1.42338
								}
								{bone "rightpiston_upperlegtoshoulder_frontbasedeformend"
									{parameters "hkaSkeleton = Reference;hkaBone = 85;"}
									{Matrix34
										0.999952	-0.0086752	-0.00464579
										0.00215434	0.653682	-0.756767
										0.0096015	0.75672	0.653669
										13.1661	-4.48227e-05	-6.10352e-05
									}
								}
								{bone "rightpiston_upperlegtoshoulder_frontlimitdown"
									{parameters "hkaSkeleton = Reference;hkaBone = 86;"}
									{Matrix34
										1	0	0
										0	1	2.66411e-05
										0	-2.733e-05	1
										1.83727	0.000617981	0.000335693
									}
								}
							}
							{bone "rightupleg_spring"
								{parameters "ID=RightUpLeg;"}
								{Matrix34
									-0.384204	-0.908877	-0.162264
									0.0631863	0.149456	-0.986748
									0.921084	-0.389366	0
									-15.8379	4.8141	2.48687
								}
								{VolumeView "rightupleg_spring.ply"}
							}
							{bone "rightupleg1_sm"
								{parameters "ID=RightLeg1;"}
								{Matrix34
									0.127812	-0.981793	-0.140524
									0.0631729	0.149457	-0.986748
									0.989785	0.117239	0.0811253
									-66.1304	8.42896	1.43534
								}
								{VolumeView "rightupleg1_sm.ply"}
								{bone "rightupleg1_cylplate_01"
									{parameters "ID=RightUpLeg1_cylplate_01;"}
									{Matrix34
										0	-1	0
										1	0	0
										0	0	1
										3.80895	-11.3655	-38.0026
									}
									{VolumeView "rightupleg1_cylplate_01.ply"}
								}
								{bone "rightupleg1_cylplate_02"
									{parameters "ID=RightUpLeg1_cylplate_02;"}
									{Matrix34
										0	1	0
										-1	0	0
										0	0	1
										4.98639	6.56998	-38.516
									}
									{VolumeView "rightupleg1_cylplate_02.ply"}
								}
							}
							{bone "rightpiston_upperlegtoleg_frontbaseupper_target"
								{Matrix34
									-0.945836	0.324469	0.0107022
									-0.309916	-0.892617	-0.327394
									-0.0966759	-0.312978	0.944827
									-69.7742	15.9069	2.44443
								}
							}
							{bone "rightpiston_upperlegtoshoulder_frontbasedeformtarget"
								{Matrix34
									0.847128	-0.445422	-0.289782
									0.376306	0.117815	0.918974
									-0.37519	-0.887535	0.26742
									-60.7502	2.84858	1.42338
								}
							}
							{bone "rightpiston_upperleg"
								{parameters "CommonMesh;ID=RightLeg1;"}
								{Matrix34
									-0.930117	0.366207	0.0278421
									0.034123	0.161652	-0.986258
									-0.365674	-0.916385	-0.162851
									-69.7742	15.9069	2.44442
								}
								{VolumeView "rightpiston_upperleg.ply"}
							}
							{bone "legplate_right"
								{parameters "ID=legplate_right;"}
								{Matrix34
									0	-1	0
									1	0	0
									0	0	1
									-72.4715	-1.80164	1.301
								}
								{VolumeView "legplate_right.ply"}
							}
						}
						{bone "rightpiston_upperlegtoshoulder_backbaseupper"
							{parameters "hkaSkeleton = Reference;hkaBone = 87;"}
							{Matrix34
								0.270853	0.957443	-0.099713
								-0.143949	-0.0621358	-0.987633
								-0.951797	0.281857	0.120993
								-51.6595	4.56648	-1.22477
							}
							{bone "rightpiston_upperlegtoshoulder_backlimitup"
								{parameters "hkaSkeleton = Reference;hkaBone = 88;"}
								{Position 2.07532	7.24792e-05	8.7738e-05}
							}
						}
						{bone "rightpiston_upperlegtoshoulder_frontbaseupper"
							{parameters "hkaSkeleton = Reference;hkaBone = 89;"}
							{Matrix34
								0.0759412	0.972158	-0.221681
								0.357793	0.18095	0.916101
								0.930708	-0.148886	-0.334089
								-23.932	7.3542	-1.18722
							}
							{bone "rightpiston_upperlegtoshoulder_frontlimitup"
								{parameters "hkaSkeleton = Reference;hkaBone = 90;"}
								{Position -21.3261	0.000839233	0.000289917}
							}
							{bone "rightpiston_upperlegtoshoulder"
								{parameters "CommonMesh;ID=rightpiston_upperlegtoshoulder;"}
								{Matrix34
									-1	0	0
									0	0.899541	0.436836
									0	0.436836	-0.899541
									0	1.52588e-05	0
								}
								{VolumeView "rightpiston_upperlegtoshoulder.ply"}
							}
						}
						{bone "rightupleg_sm"
							{parameters "ID=RightUpLeg;"}
							{Matrix34
								-0.290905	0.0861452	-0.952866
								0.913648	-0.270557	-0.303392
								-0.28394	-0.958842	0
								-25.6259	-0.0826874	-1.06789
							}
							{VolumeView "rightupleg_sm.ply"}
							{bone "organs_leg_right"
								{parameters "ID=orgrans_leg_right;"}
								{Matrix34
									0	1	0
									-1	0	0
									0	0	1
									-6.67298	20.4618	-6.68793
								}
								{VolumeView "organs_leg_right.ply"}
							}
							{bone "rightupleg_cylplate_01"
								{parameters "ID=RightUpLeg_cylplate_01;"}
								{Matrix34
									0.939693	0.342019	0
									-0.342019	0.939693	0
									0	0	1
									0.524944	27.868	-7.62943
								}
								{VolumeView "rightupleg_cylplate_01.ply"}
							}
							{bone "rightupleg_cylplate_02"
								{parameters "ID=RightUpLeg_cylplate_02;"}
								{Matrix34
									-0.939693	-0.34202	0
									0.342021	-0.939693	0
									0	0	1
									-16.2918	22.4148	-7.98932
								}
								{VolumeView "rightupleg_cylplate_02.ply"}
							}
						}
						{bone "rightpiston_upperlegtoshoulder_frontbaseupper_target"
							{Matrix34
								-0.0759443	-0.972158	0.22168
								-0.70333	-0.105363	-0.703012
								0.706795	-0.209304	-0.675746
								-23.932	7.35419	-1.18722
							}
						}
						{bone "rightcableshouldersm_target"
							{Matrix34
								0.355889	0.930544	0.0862052
								-0.71502	0.21174	0.666268
								0.601738	-0.298756	0.740714
								-6.50513	-16.1543	7.06164
							}
							{bone "rightcableshouldersm"
								{parameters "Clear;"}
								{Matrix34
									-0.105509	-0.408619	-0.906586
									-0.993296	0	0.1156
									-0.047236	0.912705	-0.40588
									-1.52588e-05	0	0
								}
							}
						}
					}
					{bone "rightarm"
						{parameters "hkaSkeleton = Reference;hkaBone = 91;"}
						{Matrix34
							0.0108506	-0.133048	0.99105
							0.996691	0.081284	0
							-0.0805557	0.987771	0.133489
							-0.152634	1.87164	-13.9415
						}
						{bone "rightforearm"
							{parameters "hkaSkeleton = Reference;hkaBone = 92;"}
							{Position -19.1889	0	0}
							{bone "righthand"
								{parameters "hkaSkeleton = Reference;hkaBone = 93;"}
								{Position -18.672	0	0}
							}
						}
					}
					{bone "rightshoulder_sm"
						{parameters "ID=RightShoulder;"}
						{Matrix34
							-0.0108505	0.133046	-0.991051
							0.0805555	-0.987771	-0.133487
							-0.996691	-0.0812839	0
							-3.61634	-1.29235	3.17279
						}
						{VolumeView "rightshoulder_sm.ply"}
						{bone "organs_hip_right"
							{parameters "ID=hip_right;"}
							{Matrix34
								1	0	0
								0	1	0
								0	0	1
								1.88435	1.01948	-3.89773
							}
							{VolumeView "organs_hip_right.ply"}
						}
						{bone "rightshoulder_bone"
							{Matrix34
								1	0	0
								0	0	1
								0	-1	0
								0.211823	-9.0899	-3.52726
							}
							{bone "rightshoulder_ring"
								{parameters "ID=RightShoulder;"}
								{Matrix34
									1	0	0
									0	0	-1
									0	1	0
									0	-2.51006	-0.0271053
								}
								{VolumeView "rightshoulder_ring.ply"}
							}
						}
					}
					{bone "rightshoulder_spring"
						{parameters "CommonMesh;ID=RightShoulder;"}
						{Matrix34
							-0.0108505	0.133046	-0.991051
							0.0805556	-0.987771	-0.133487
							-0.996691	-0.081284	0
							-11.4388	-2.30211	-0.464289
						}
						{VolumeView "rightshoulder_spring.ply"}
					}
					{bone "shoulder_plate_right"
						{parameters "ID=shoulder_plate_right;"}
						{Matrix34
							-0.0108506	0.133047	-0.99105
							0.0805536	-0.987771	-0.133488
							-0.996691	-0.0812819	0
							-1.17947	-1.04431	-5.30564
						}
						{VolumeView "shoulder_plate_right.ply"}
					}
				}
				{bone "leftshoulder"
					{parameters "hkaSkeleton = Reference;hkaBone = 12;"}
					{Matrix34
						-0.0108505	0.996691	0.0805552
						0.133047	0.0812831	-0.987771
						-0.99105	0	-0.133489
						-23.5156	0	2.27427
					}
					{bone "leftupleg"
						{parameters "hkaSkeleton = Reference;hkaBone = 13;"}
						{Matrix34
							0.359758	-0.918099	0.16634
							0.932939	0.356649	-0.0492581
							-0.0141011	0.172906	0.984837
							23.1217	-1.71661e-05	5.53131e-05
						}
						{bone "leftupleg1"
							{parameters "hkaSkeleton = Reference;hkaBone = 14;"}
							{Matrix34
								-0.594189	-0.784661	0.176769
								-0.676352	0.606375	0.418159
								-0.435301	0.128907	-0.891008
								54.1843	6.10352e-05	-5.91278e-05
							}
							{bone "leftcableupperlegupsm"
								{parameters "Clear;"}
								{Matrix34
									-0.0631809	-0.149459	0.986747
									0.921081	-0.389372	0
									0.384211	0.908874	0.162264
									29.8621	-16.2071	-15.2125
								}
								{bone "leftcableupperlegup_00_clunk"
									{parameters "Clear;"}
									{Matrix34
										0	-0.766045	-0.642787
										-1	0	0
										0	0.642788	-0.766044
										1.42474	6.9662	-3.75042
									}
								}
								{bone "leftcableupperlegup_01_clunk"
									{parameters "Clear;"}
									{Matrix34
										0	-0.766045	-0.642787
										-1	0	0
										0	0.642788	-0.766044
										0.821465	4.93688	0.469643
									}
								}
								{bone "leftcableupperlegup_02_clunk"
									{parameters "Clear;"}
									{Matrix34
										0	-0.766045	-0.642787
										-1	0	0
										0	0.642788	-0.766044
										0.00761795	2.06637	4.90653
									}
								}
								{bone "leftcableupperlegup_03_clunk"
									{parameters "Clear;"}
									{Matrix34
										0	-0.766045	-0.642787
										-1	0	0
										0	0.642788	-0.766044
										-0.380749	0.163086	9.08734
									}
								}
								{bone "leftcableupperlegupsm1_target"
									{Matrix34
										1	0	0
										0	0	1
										0	-1	0
										-0.106426	-6.70651	-8.57518
									}
								}
								{bone "leftcableupperlegupsm1"
									{parameters "Clear;"}
									{Position -0.10643	-6.7065	-8.57518}
								}
							}
							{bone "leftcableupperlegsm2"
								{parameters "Clear;"}
								{Matrix34
									-0.0631809	-0.149459	0.986747
									0.921081	-0.389372	0
									0.384211	0.908874	0.162264
									35.6154	-1.27175	-5.97417
								}
							}
							{bone "leftcableupperlegdownsm"
								{parameters "Clear;"}
								{Matrix34
									-0.0631809	-0.149459	0.986747
									0.921081	-0.389372	0
									0.384211	0.908874	0.162264
									72.3141	-6.45751	-11.922
								}
								{bone "leftcableupperlegdownsm1"
									{parameters "Clear;"}
									{Position -1.771	12.799	8.28922}
								}
							}
							{bone "leftleg"
								{parameters "hkaSkeleton = Reference;hkaBone = 15;"}
								{Matrix34
									0.454448	-0.889314	-0.0509638
									-0.890241	-0.451453	-0.0605107
									0.0308051	0.0728693	-0.996866
									103.297	-3.8147e-05	-0.000106812
								}
								{bone "leftfoot"
									{parameters "hkaSkeleton = Reference;hkaBone = 16;"}
									{Matrix34
										0.50043	-0.865692	0.0121022
										-0.865473	-0.499835	0.0334798
										-0.0229338	-0.0272285	-0.999366
										37.838	-1.52588e-05	-0.000164032
									}
									{bone "leftpiston_toetofoot_backbaseupper"
										{parameters "Clear;"}
										{Matrix34
											0.953494	0.300208	0.0269194
											-0.0133462	0.131273	-0.991256
											-0.301118	0.944797	0.129175
											-1.1755	-11.934	-0.828228
										}
										{bone "leftpiston_toetofoot_backlimitup"
											{parameters "Clear;"}
											{Position -3.43162	0.0667953	-0.159748}
										}
									}
									{bone "leftpiston_foottoupleg_backbaselower"
										{parameters "Clear;"}
										{Matrix34
											0.925067	-0.379755	-0.00611763
											0.37958	0.923848	0.0492314
											-0.0130439	-0.0478648	0.998769
											-0.989639	-2.52729	-0.906448
										}
										{bone "leftpiston_upperlegtoleg_backrotdeform"
											{parameters "Clear;"}
											{Matrix34
												0.989314	0.143259	0.0271112
												0.144282	-0.935158	-0.323516
												-0.0209936	0.323971	-0.945834
												-4.85575	2.08127	1.18711
											}
											{bone "leftpiston_foottoupleg_backbasedeformend"
												{parameters "Clear;"}
												{Matrix34
													0.999919	-0.0124487	0.00285288
													0.0126096	0.926879	-0.375148
													0.00202556	0.375153	0.926961
													-15.0425	1.52588e-05	0
												}
											}
											{bone "leftpiston_upperlegtoleg_frontlimitdown"
												{parameters "Clear;"}
												{Matrix34
													-0.999987	0.00492477	-0.00112489
													0.00493761	0.905883	-0.423498
													-0.00106633	-0.423498	-0.905896
													-1.97501	0.00960159	-0.00231171
												}
											}
										}
									}
									{bone "leftpiston_toetoleg_frontbaselower"
										{parameters "Clear;"}
										{Matrix34
											0.020192	0.992383	0.121522
											-0.999686	0.0218472	-0.0123031
											-0.0148642	-0.121236	0.992513
											21.2655	13.1519	0.519844
										}
										{bone "leftpiston_toetoleg_frontbasedeform"
											{parameters "Clear;"}
											{Matrix34
												0.998975	-0.0438322	-0.0113328
												0.0441598	0.998559	0.0304923
												0.00997981	-0.0309615	0.999471
												1.22721	-0.675003	-0.262821
											}
											{bone "leftpiston_toetoleg_frontbasedeformend"
												{parameters "Clear;"}
												{Matrix34
													0.998975	0.0441604	0.00998076
													-0.0438328	0.998559	-0.0309615
													-0.0113338	0.0304923	0.999471
													-21.4457	0	0
												}
											}
											{bone "leftpiston_toetoleg_fronlimitdown"
												{parameters "Clear;"}
												{Matrix34
													-0.999756	-0.0220391	-0.00178624
													-0.0220299	0.999744	-0.00515093
													0.00189946	-0.00511039	-0.999985
													-2.59991	-0.0573673	-0.00462341
												}
											}
										}
									}
									{bone "leftfoot_sm"
										{parameters "ID=Leftfoot;"}
										{Matrix34
											0.337524	0.933751	0.119111
											0.0404645	0.112027	-0.992881
											-0.940447	0.339941	2.77553e-05
											7.36665	0.794994	0.00944138
										}
										{VolumeView "leftfoot_sm.ply"}
										{bone "leftfoot_cylplate_02"
											{parameters "ID=LeftFoot_cylplate_02;"}
											{Matrix34
												0	-1	0
												1	0	0
												0	0	1
												-1.58366	-9.07866	7.0318
											}
											{VolumeView "leftfoot_cylplate_02.ply"}
										}
										{bone "leftfoot_cylplate_01"
											{parameters "ID=LeftFoot_cylplate_01;"}
											{Matrix34
												0	1	-2.84165e-05
												-1	0	2.6837e-05
												2.61963e-05	2.84687e-05	1
												-2.88189	8.94598	6.92757
											}
											{VolumeView "leftfoot_cylplate_01.ply"}
										}
									}
									{bone prizmatic "lefttoebase_spring"
										{limits -0.5 0.5}
										{speed2 6}
										{Matrix34
											0.33755	0.933741	0.119112
											0.0404914	0.112018	-0.992881
											-0.940436	0.33997	0
											22.5619	9.53674e-05	-0.000198364
										}
										{bone revolute "wheell"
											{parameters "ID=wheelleft;Radius=35;"}
											{Matrix34
												1	0	0
												0	0	1
												0	-1	0
												0	0	0
											}
										}
									}
									{bone "leftpiston_foottoupleg_backbaselower_target"
										{Matrix34
											0.925009	-0.379941	-0.0019042
											0.379646	0.92407	0.0443112
											-0.0150758	-0.0417113	0.999016
											-0.989643	-2.5273	-0.906448
										}
									}
									{bone "leftpiston_toetofoot_backbaseupper_target"
										{Matrix34
											-0.953494	-0.300207	-0.0269204
											0.301034	-0.952962	-0.0352373
											-0.0150755	-0.0417026	0.999016
											-1.17551	-11.934	-0.828228
										}
									}
									{bone "leftpiston_toetoleg_frontbaselower_target"
										{Matrix34
											0.99932	-0.0352207	0.0109109
											-0.0348337	-0.99882	-0.0338452
											0.01209	0.0334421	-0.999368
											21.2655	13.1519	0.519844
										}
									}
									{bone "leftpiston_toetofoot"
										{parameters "CommonMesh;ID=Leftfoot;"}
										{Matrix34
											0.040491	0.112017	-0.992881
											-0.33755	-0.933741	-0.119111
											-0.940436	0.339969	0
											-0.549553	-12.1081	-0.489086
										}
										{VolumeView "leftpiston_toetofoot.ply"}
									}
									{bone "lefttoebase"
										{parameters "hkaSkeleton = Reference;hkaBone = 17;"}
										{Matrix34
											0.714767	0.698246	0.0395099
											-0.699204	0.714668	0.0190759
											-0.0149165	-0.0412606	0.999037
											22.5619	9.91821e-05	-0.000198364
										}
										{bone "lefttoe1"
											{parameters "hkaSkeleton = Reference;hkaBone = 18;"}
											{Matrix34
												0.900333	0.434719	-0.0204833
												-0.434811	0.900522	0
												0.0184449	0.00890748	0.99979
												21.9208	-8.4877e-05	0.000240326
											}
											{bone "lefttoe1_sm"
												{parameters "ID=LeftToe1;"}
												{Matrix34
													0.995396	5.65052e-05	0.095843
													0.0958433	6.46934e-05	-0.995396
													-6.30472e-05	1	5.865e-05
													8.8936	-2.42569	0.983276
												}
												{VolumeView "lefttoe1_sm.ply"}
											}
										}
										{bone "lefttoe3"
											{parameters "hkaSkeleton = Reference;hkaBone = 19;"}
											{Matrix34
												-0.900482	-0.4348	0.00905396
												-0.434818	0.900518	0
												-0.00815729	-0.00392793	-0.999959
												-0.383747	-13.1316	0.364826
											}
											{bone "lefttoe3_sm"
												{parameters "ID=LeftToe3;"}
												{Matrix34
													0.996427	7.34103e-05	0.0844587
													0.0844591	-5.84033e-05	-0.996427
													-6.79339e-05	1	-6.35669e-05
													4.37035	-1.99064	0.459949
												}
												{VolumeView "lefttoe3_sm.ply"}
											}
										}
										{bone "lefttoe2"
											{parameters "hkaSkeleton = Reference;hkaBone = 20;"}
											{Matrix34
												-0.0184497	-0.00890781	-0.99979
												-0.434801	0.900527	0
												0.900338	0.434709	-0.0204879
												8.38794	-8.89624	-10.1403
											}
											{bone "lefttoe2_sm"
												{parameters "ID=LeftToe2;"}
												{Matrix34
													0.995396	0	0.0958473
													0.0958472	0	-0.995396
													0	1	-1.00619e-05
													5.62626	-1.74894	2.12878
												}
												{VolumeView "lefttoe2_sm.ply"}
											}
										}
										{bone "lefttoe4"
											{parameters "hkaSkeleton = Reference;hkaBone = 21;"}
											{Matrix34
												0.00807238	0.00389786	0.99996
												-0.434803	0.900526	0
												-0.90049	-0.434785	0.00896442
												8.56964	-8.80855	10.681
											}
											{bone "lefttoe4_sm"
												{parameters "ID=LeftToe4;"}
												{Matrix34
													0.996435	0	0.08437
													0.0843699	0	-0.996435
													0	1	0
													5.45509	-1.58601	-0.863401
												}
												{VolumeView "lefttoe4_sm.ply"}
											}
										}
										{bone "leftpiston_toetofoot_backbasedeform"
											{parameters "Clear;"}
											{Matrix34
