;Exported by: ?????
;Date:        Sun Nov 29 14:11:09 2020
;File:        D:\?????\Documents\3ds Max 2020\scenes\arm_milsim_shadow_company.max
{Skeleton
	{bone revolute "basis"
		{limits -30 30}
		{speed 0.1}
		{Orientation
			1	0	0
			0	-1	0
			0	0	1
		}
		{bone "body"
			{Matrix34
				0	0	1
				0	-1	0
				1	0	0
				0	0.0344553	19.9224
			}
			{bone "foot1l"
				{Matrix34
					-0.993535	-0.0202594	0.111708
					0.11167	0.00297451	0.993741
					0.0204649	-0.99979	0.000692962
					-0.143509	-2.13095	-0.488995
				}
				{bone "foot2l"
					{Matrix34
						0.952382	-0.304908	-0.00010797
						0.304908	0.952382	-4.07621e-05
						0.000115259	0	1
						9.37838	-0.0471725	0
					}
					{bone "bone06"
						{Matrix34
							0.221381	0.973964	0.0488399
							-0.972284	0.216583	0.0880677
							0.0751968	-0.0669827	0.994917
							8.74023	0.113252	0.00567913
						}
					}
					{bone "foot3l"
						{Matrix34
							0.0905535	0.979616	0.179312
							0.00345668	-0.18036	0.983595
							0.995886	-0.0884482	-0.0197185
							9.2003	-0.34629	-0.0729971
						}
						{bone "bone07"
							{Position 2.60015	0	0}
						}
					}
				}
			}
			{bone revolute "ik_leftright"
				{limits -20 20}
				{speed 0.1}
				{Matrix34
					0	0	1
					0	-1	0
					1	0	0
					1.90368	0.0344548	0
				}
				{bone "ik_socket"
					{Matrix34
						0	1	0
						1	0	0
						0	0	1
						0	0	0
					}
					{bone "compensate"
						{Matrix34
							0	1	0
							1	0	0
							0	0	1
							0	0	0
						}
						{bone revolute "ik_updown"
							{limits -40 20}
							{speed 0.1}
							{Matrix34
								1	0	0
								0	0	1
								0	-1	0
								0	0	1.66801
							}
							{bone "gun_back"
								{Matrix34
									0.0147833	0.996075	0.0872692
									-0.149675	0.0884998	-0.984767
									-0.988625	0.00149542	0.150396
									-4.16774	-4.2536	2.42593
								}
							}
							{bone "clavicle_right"
								{Position -0.139178	6.12487	1.17253}
								{bone "hand1r"
									{Matrix34
										0.0313524	-0.248123	0.968221
										0.9728	0.230016	0.0274447
										-0.229516	0.941025	0.248586
										0.0503404	-0.225975	2.95336
									}
									{bone "hand2r"
										{Matrix34
											0.460802	0.887503	0
											-0.887503	0.460802	0
											0	0	1
											6.26813	0	0
										}
										{bone "hand3r"
											{Matrix34
												0.982611	-0.185677	0
												0.185676	0.982611	0
												0	0	1
												5.19218	0	0
											}
										}
										{bone "right_hand"
											{Matrix34
												0.968615	-0.225094	0.105442
												0.191903	0.946804	0.258332
												-0.157981	-0.22999	0.960285
												6.33401	0.91394	-0.654926
											}
										}
										{bone "hand_rot1r"
											{Matrix34
												0.00333649	-0.999958	0.00855824
												-0.999992	-0.00331734	0.00210685
												-0.00207914	-0.00856462	-0.999961
												5.19224	0	0
											}
											{bone "palm1r"
												{Matrix34
													-0.963565	-0.249481	-0.0964402
													-0.0459581	-0.20077	0.97856
													-0.263496	0.947338	0.181991
													0.0853548	-0.397721	0.0915833
												}
												{bone "palm2r_hide"
													{Matrix34
														-0.0995067	0.561598	-0.821405
														-0.0593575	0.820682	0.568295
														0.993265	0.105307	-0.0483281
														0.146143	0.242281	-1.2575
													}
													{bone "palm3r_hide"
														{Matrix34
															0.304954	0.952367	0
															-0.952367	0.304953	0
															0	0	1
															0.581879	-0.000116348	0
														}
														{bone "palm4r_hide"
															{Matrix34
																1	0	0
																0	1	0
																0	0	1
																0.534456	0	0
															}
														}
													}
												}
												{bone "palm2r"
													{Matrix34
														-0.0995085	0.561598	-0.821404
														-0.0593585	0.820682	0.568294
														0.993265	0.105305	-0.0483272
														0.146143	0.242285	-1.25751
													}
													{bone "palm3r"
														{Matrix34
															0.304954	0.952367	0
															-0.952367	0.304953	0
															0	0	1
															0.581881	-0.000114441	0
														}
													}
												}
												{bone "righthandindexbase"
													{Matrix34
														0.264356	0.207069	-0.941933
														-0.197279	-0.944416	-0.262984
														-0.944032	0.255345	-0.208814
														0.73683	-0.0176964	-1.47122
													}
													{bone "righthandindex1"
														{parameters "LastPose = undefined;"}
														{Matrix34
															1	0	0
															0	1	0
															0	0	1
															0	0	0
														}
														{bone "righthandindex2"
															{Matrix34
																1	0	0
																0	1	0
																0	0	1
																0.858056	0	0
															}
															{bone "righthandindex3"
																{Matrix34
																	1	1.00583e-05	0
																	0	1	0
																	0	0	1
																	0.64282	0	0
																}
																{bone "righthandindex4"
																	{Matrix34
																		1	0	0
																		0	1	0
																		0	0	1
																		0.479884	0	0
																	}
																}
															}
															{bone "r_index3"
																{parameters "LastPose = undefined;"}
																{Matrix34
																	1	0	0
																	0	1	0
																	0	0	1
																	0.642817	0.555471	0
																}
															}
														}
														{bone "r_index2"
															{parameters "LastPose = undefined;"}
															{Matrix34
																1	0	0
																0	1	0
																0	0	1
																0.858056	0.582943	0
															}
														}
													}
													{bone "r_index1"
														{Matrix34
															1	0	0
															0	1	0
															0	0	1
															0	0.585602	0
														}
													}
												}
												{bone "righthandmiddlebase"
													{parameters "LastPose = undefined;"}
													{Matrix34
														0.0964117	0.24826	-0.963883
														-0.197277	-0.944417	-0.26298
														-0.975596	0.215507	-0.0420789
														0.279718	0.087513	-1.50613
													}
													{bone "righthandmiddle1"
														{parameters "LastPose = undefined;"}
														{Matrix34
															1	0	0
															0	1	0
															0	0	1
															0	0	0
														}
														{bone "righthandmiddle2"
															{Matrix34
																1	0	0
																0	1	0
																0	0	1
																0.991686	0	0
															}
															{bone "righthandmiddle3"
																{Matrix34
																	1	0	-1.87261e-05
																	0	1	0
																	2.05357e-05	0	1
																	0.741716	0	0
																}
																{bone "righthandmiddle4"
																	{Matrix34
																		1	0	1.03088e-05
																		0	1	-3.66867e-05
																		0	3.88026e-05	1
																		0.56016	0	1.33514e-05
																	}
																}
															}
															{bone "r_middle3"
																{parameters "LastPose = undefined;"}
																{Matrix34
																	1	0	0
																	0	1	0
																	0	0	1
																	0.741711	0.453115	0
																}
															}
														}
														{bone "r_middle2"
															{parameters "LastPose = undefined;"}
															{Matrix34
																1	0	0
																0	1	0
																0	0	1
																0.991686	0.507702	0
															}
														}
													}
													{bone "r_middle1"
														{parameters "LastPose = undefined;"}
														{Matrix34
															1	0	0
															0	1	0
															0	0	1
															0	0.555182	0
														}
													}
												}
												{bone "righthandringbase"
													{parameters "LastPose = undefined;"}
													{Matrix34
														-0.074462	0.281915	-0.956545
														-0.197278	-0.944416	-0.262985
														-0.977516	0.169124	0.125936
														-0.181876	0.189144	-1.52485
													}
													{bone "righthandring1"
														{parameters "LastPose = undefined;"}
														{Matrix34
															1	0	0
															0	1	0
															0	0	1
															0	0	0
														}
														{bone "righthandring2"
															{parameters "LastPose = undefined;"}
															{Matrix34
																1	0	0
																0	1	0
																0	0	1
																0.858055	0	0
															}
															{bone "righthandring3"
																{Matrix34
																	1	0	0
																	0	1	-6.93202e-05
																	0	7.07507e-05	1
																	0.64282	0	0
																}
																{bone "righthandring4"
																	{Matrix34
																		1	0	0
																		0	1	0
																		0	0	1
																		0.487397	0	0
																	}
																}
															}
															{bone "r_ring3"
																{parameters "LastPose = undefined;"}
																{Matrix34
																	1	0	0
																	0	1	0
																	0	0	1
																	0.642817	0.46163	0
																}
															}
														}
														{bone "r_ring2"
															{parameters "LastPose = undefined;"}
															{Matrix34
																1	0	0
																0	1	0
																0	0	1
																0.858057	0.518652	0
															}
														}
													}
													{bone "r_ring1"
														{parameters "LastPose = undefined;"}
														{Matrix34
															1	0	0
															0	1	0
															0	0	1
															0	0.560667	0
														}
													}
												}
												{bone "righthandpinkybase"
													{parameters "LastPose = undefined;"}
													{Matrix34
														-0.243077	0.307	-0.920144
														-0.197278	-0.944416	-0.262984
														-0.949735	0.1176	0.290127
														-0.611534	0.282125	-1.53644
													}
													{bone "righthandpinky1"
														{parameters "LastPose = undefined;"}
														{Matrix34
															1	0	0
															0	1	0
															0	0	1
															0	0	0
														}
														{bone "righthandpinky2"
															{Matrix34
																1	0	1.43051e-05
																0	1	0
																-1.33291e-05	0	1
																0.716183	0	0
															}
															{bone "righthandpinky3"
																{Matrix34
																	1	0	0
																	0	1	-4.84586e-05
																	0	4.97401e-05	1
																	0.535685	0	0
																}
																{bone "righthandpinky4"
																	{Matrix34
																		1	0	0
																		0	1	0
																		0	0	1
																		0.396511	0	0
																	}
																}
															}
															{bone "r_pinky3"
																{parameters "LastPose = undefined;"}
																{Matrix34
																	1	0	0
																	0	1	0
																	0	0	1
																	0.535681	0.465427	0
																}
															}
														}
														{bone "r_pinky2"
															{parameters "LastPose = undefined;"}
															{Matrix34
																1	0	0
																0	1	0
																0	0	1
																0.716186	0.434147	0
															}
														}
													}
													{bone "r_pinky1"
														{parameters "LastPose = undefined;"}
														{Matrix34
															1	0	0
															0	1	0
															0	0	1
															0	0.463673	0
														}
													}
												}
												{bone "righthandthumbbase"
													{parameters "LastPose = undefined;"}
													{Matrix34
														0.718793	0.324475	-0.614859
														0.527117	-0.831012	0.177673
														-0.453305	-0.451814	-0.768362
														0.606988	-0.128698	-0.0563564
													}
													{bone "righthandthumb1"
														{Position 0	0	0}
														{bone "righthandthumb2"
															{Matrix34
																1	-1.52886e-05	1.73524e-05
																1.51992e-05	1	0
																-1.69352e-05	0	1
																1.02929	0	0
															}
															{bone "righthandthumb3"
																{Matrix34
																	1	0	-1.33514e-05
																	0	1	0
																	1.37314e-05	0	1
																	0.730941	0	0
																}
																{bone "righthandthumb4"
																	{Matrix34
																		1	0	0
																		0	1	0
																		0	0	1
																		0.529864	0	0
																	}
																}
															}
															{bone "r_thumb3"
																{parameters "LastPose = undefined;"}
																{Matrix34
																	1	0	0
																	0	1	0
																	0	0	1
																	0.730938	0.514257	0
																}
															}
														}
														{bone "r_thumb2"
															{parameters "LastPose = undefined;"}
															{Matrix34
																1	0	0
																0	1	0
																0	0	1
																1.0293	0.535988	0
															}
														}
													}
													{bone "r_thumb1"
														{parameters "LastPose = undefined;"}
														{Matrix34
															1	0	0
															0	1	0
															0	0	1
															0	0.592854	0
														}
													}
												}
											}
										}
									}
								}
							}
							{bone "clavicle_left"
								{Position -0.139178	6.12487	-1.18112}
								{bone "hand1l"
									{Matrix34
										0.0307142	-0.248445	-0.968159
										0.97283	0.229808	-0.0281101
										0.229474	-0.94099	0.248754
										0.0503407	-0.225975	-2.95273
									}
									{bone "hand2l"
										{Matrix34
											0.458669	0.888607	0
											-0.888607	0.458669	0
											0	0	1
											6.26812	0	0
										}
										{bone "hand3l"
											{Matrix34
												0.982611	-0.185677	0
												0.185676	0.982611	0
												0	0	1
												5.19218	0	0
											}
										}
										{bone "left_hand"
											{Matrix34
												0.275672	0.823504	-0.495828
												0.00418923	-0.516839	-0.856072
												-0.961242	0.23392	-0.145927
												5.99778	-0.667304	0.40992
											}
										}
										{bone "hand_rot1l"
											{Matrix34
												0.00130252	-0.999931	0.0116372
												-0.999999	-0.00131387	-0.00103796
												0.00105407	-0.0116362	-0.999932
												5.25743	-0.000658989	-0.00162506
											}
											{bone "palm1l"
												{Matrix34
													0.965404	0.24925	-0.0766091
													-0.0261243	-0.199864	-0.979475
													-0.259447	0.947591	-0.186439
													0.0886898	-0.337658	-0.09161
												}
												{bone "palm2l"
													{Matrix34
														-0.00577146	0.491344	-0.870946
														-0.00434893	-0.870965	-0.491327
														-0.999974	0.000952244	0.00716353
														-0.0738363	0.242491	-1.26342
													}
													{bone "palm3l"
														{Matrix34
															0.578449	-0.815719	0
															0.815719	0.578449	0
															0	0	1
															0.578553	0.000164032	0
														}
													}
												}
												{bone "palm2l_hide"
													{Matrix34
														-0.00577145	0.491344	-0.870946
														-0.00434837	-0.870964	-0.491327
														-0.999974	0.000952929	0.00716358
														-0.0738363	0.242491	-1.26342
													}
													{bone "palm3l_hide"
														{Matrix34
															0.578448	-0.815718	0
															0.815719	0.57845	0
															0	0	1
															0.578553	0.000165939	0
														}
														{bone "palm4l_hide"
															{Matrix34
																1	0	0
																0	1	0
																0	0	1
																0.511902	-3.05176e-05	0
															}
														}
													}
												}
												{bone "lefthandindexbase"
													{parameters "LastPose = undefined;"}
													{Matrix34
														-0.264357	0.207069	-0.941933
														-0.19728	0.944416	0.262984
														0.944032	0.255346	-0.208813
														-0.736827	-0.0177002	-1.47121
													}
													{bone "lefthandindex1"
														{Position 0	0	0}
														{bone "lefthandindex2"
															{Matrix34
																1	0	0
																0	1	0
																0	0	1
																0.858053	0	0
															}
															{bone "lefthandindex3"
																{Matrix34
																	1	-1.01402e-05	0
																	0	1	0
																	0	0	1
																	0.642821	0	0
																}
																{bone "lefthandindex4"
																	{Matrix34
																		1	0	0
																		0	1	0
																		0	0	1
																		0.479887	0	0
																	}
																}
															}
															{bone "l_index3"
																{parameters "LastPose = undefined;"}
																{Matrix34
																	1	0	0
																	0	1	0
																	0	0	1
																	0.634825	-0.419487	0
																}
															}
														}
														{bone "l_index2"
															{parameters "LastPose = undefined;"}
															{Position 0.858052	-0.418209	0}
														}
													}
													{bone "l_index1"
														{parameters "LastPose = undefined;"}
														{Position 0	-0.430471	0}
													}
												}
												{bone "lefthandmiddlebase"
													{parameters "LastPose = undefined;"}
													{Matrix34
														-0.0964108	0.24826	-0.963884
														-0.197277	0.944417	0.26298
														0.975596	0.215506	-0.042077
														-0.279716	0.087513	-1.50614
													}
													{bone "lefthandmiddle1"
														{Matrix34
															1	0	0
															0	1	0
															0	0	1
															0	0	0
														}
														{bone "lefthandmiddle2"
															{Matrix34
																1	0	0
																-1.13063e-05	1	0
																0	0	1
																0.99168	0	0
															}
															{bone "lefthandmiddle3"
																{Matrix34
																	1	0	-1.99303e-05
																	0	1	0
																	2.02358e-05	0	1
																	0.741718	0	0
																}
																{bone "lefthandmiddle4"
																	{Matrix34
																		1	-1.03386e-05	1.01142e-05
																		0	1	3.79384e-05
																		0	-3.76999e-05	1
																		0.56016	0	1.62125e-05
																	}
																}
															}
															{bone "l_middle3"
																{parameters "LastPose = undefined;"}
																{Matrix34
																	1	0	0
																	0	1	0
																	0	0	1
																	0.741717	-0.448395	0
																}
															}
														}
														{bone "l_middle2"
															{parameters "LastPose = undefined;"}
															{Matrix34
																1	0	0
																0	1	0
																0	0	1
																0.991682	-0.461317	0
															}
														}
													}
													{bone "l_middle1"
														{parameters "LastPose = undefined;"}
														{Matrix34
															1	0	0
															0	1	0
															0	0	1
															0	-0.463575	0
														}
													}
												}
												{bone "lefthandringbase"
													{parameters "LastPose = undefined;"}
													{Matrix34
														0.0744628	0.281914	-0.956546
														-0.197277	0.944416	0.262984
														0.977516	0.169122	0.125938
														0.181879	0.189142	-1.52485
													}
													{bone "lefthandring1"
														{Position 0	0	0}
														{bone "lefthandring2"
															{Matrix34
																1	0	0
																0	1	0
																0	0	1
																0.858051	0	0
															}
															{bone "lefthandring3"
																{Matrix34
																	1	0	0
																	0	1	7.08997e-05
																	0	-7.11381e-05	1
																	0.642823	0	0
																}
																{bone "lefthandring4"
																	{Matrix34
																		1	0	0
																		0	1	0
																		0	0	1
																		0.487396	0	0
																	}
																}
															}
															{bone "l_ring3"
																{parameters "LastPose = undefined;"}
																{Matrix34
																	1	0	0
																	0	1	0
																	0	0	1
																	0.642824	-0.517252	0
																}
															}
														}
														{bone "l_ring2"
															{parameters "LastPose = undefined;"}
															{Matrix34
																1	0	0
																0	1	0
																0	0	1
																0.858057	-0.428921	0
															}
														}
													}
													{bone "l_ring1"
														{parameters "LastPose = undefined;"}
														{Position 0	-0.493238	0}
													}
												}
												{bone "lefthandpinkybase"
													{parameters "LastPose = undefined;"}
													{Matrix34
														0.243077	0.306999	-0.920144
														-0.197278	0.944416	0.262984
														0.949734	0.117599	0.290129
														0.611537	0.282124	-1.53645
													}
													{bone "lefthandpinky1"
														{Matrix34
															1	0	0
															0	1	0
															0	0	1
															0	0	0
														}
														{bone "lefthandpinky2"
															{Matrix34
																1	0	1.39624e-05
																0	1	0
																-1.36644e-05	0	1
																0.716187	0	0
															}
															{bone "lefthandpinky3"
																{Matrix34
																	1	0	0
																	0	1	4.97997e-05
																	0	-4.94421e-05	1
																	0.535683	0	0
																}
																{bone "lefthandpinky4"
																	{Matrix34
																		1	0	0
																		0	1	0
																		0	0	1
																		0.396507	0	0
																	}
																}
															}
															{bone "l_pinky3"
																{parameters "LastPose = undefined;"}
																{Matrix34
																	1	0	0
																	0	1	0
																	0	0	1
																	0.535685	-0.47179	0
																}
															}
														}
														{bone "l_pinky2"
															{parameters "LastPose = undefined;"}
															{Matrix34
																1	0	0
																0	1	0
																0	0	1
																0.71619	-0.383928	0
															}
														}
													}
													{bone "l_pinky1"
														{parameters "LastPose = undefined;"}
														{Matrix34
															1	0	0
															0	1	0
															0	0	1
															0	-0.498642	0
														}
													}
												}
												{bone "lefthandthumbbase"
													{parameters "LastPose = undefined;"}
													{Matrix34
														-0.718791	0.324476	-0.61486
														0.527118	0.831011	-0.177673
														0.453306	-0.451814	-0.768361
														-0.606988	-0.128698	-0.0563622
													}
													{bone "lefthandthumb1"
														{Position 0	0	0}
														{bone "lefthandthumb2"
															{Matrix34
																1	1.29789e-05	1.64062e-05
																-1.38134e-05	1	0
																-1.60672e-05	0	1
																1.02929	0	0
															}
															{bone "lefthandthumb3"
																{Matrix34
																	1	-1.093e-05	-1.41487e-05
																	1.01775e-05	1	0
																	1.4618e-05	0	1
																	0.73094	0	0
																}
																{bone "bone009(mirrored)"
																	{Matrix34
																		1	0	0
																		0	1	0
																		0	0	1
																		0.529863	0	0
																	}
																}
															}
															{bone "l_thumb3"
																{parameters "LastPose = undefined;"}
																{Matrix34
																	1	0	0
																	0	1	0
																	0	0	1
																	0.730938	-0.541815	0
																}
															}
														}
														{bone "l_thumb2"
															{parameters "LastPose = undefined;"}
															{Matrix34
																1	0	0
																0	1	0
																0	0	1
																1.0293	-0.545841	0
															}
														}
													}
													{bone "l_thumb1"
														{parameters "LastPose = undefined;"}
														{Matrix34
															1	0	0
															0	1	0
															0	0	1
															0	-0.602827	0
														}
													}
												}
											}
										}
									}
								}
							}
							{bone "head"
								{Matrix34
									0.999952	0.00413717	-0.00886167
									-0.00885883	-0.000694337	-0.999961
									-0.00414227	0.999991	-0.000657611
									0	7.21457	0
								}
								{bone "visor"
									{Matrix34
										1	0	0
										0	1	0
										0	0	1
										2.31916	0	2.33291
									}
								}
								{bone "helmet_link"
									{Matrix34
										0.00885574	0.999961	0.00066492
										-0.998741	0.00887766	-0.0493838
										-0.0493864	-0.000227138	0.99878
										0.42921	-0.00263494	2.93855
									}
								}
								{bone "j_neck"
									{Matrix34
										0.293826	-0.00322302	0.955854
										-0.955819	0.00821049	0.293842
										-0.00879514	-0.999961	-0.000668129
										-0.505142	0.00440989	-0.0380726
									}
									{bone "j_head"
										{Matrix34
											0.957063	0.28988	0
											-0.28988	0.957063	0
											0	0	1
											1.55848	-0.000222206	0
										}
										{bone "j_head_skin"
											{Position 0	0	0}
											{bone "j_helmet"
												{Position 3.9155	0	0}
												{bone "tag_helmetlight"
													{Matrix34
														0	-1	-6.09769e-05
														0	6.09742e-05	-1
														1	0	0
														-1.8	-2.75	0
													}
												}
												{bone "j_visor"
													{Position -2.2405	-0.101	0}
												}
												{bone "j_visor_inner"
													{Position -2.7585	-0.1455	-0.0005}
												}
											}
											{bone "j_brow_le_1"
												{Matrix34
													0	0	-1
													0	1	0
													1	0	0
													1.78	-2.4225	-0.4435
												}
											}
											{bone "j_brow_le_2"
												{Matrix34
													0	0	-1
													0	1	0
													1	0	0
													1.8075	-2.25	-0.8465
												}
											}
											{bone "j_brow_ri_1"
												{Matrix34
													0	0	-1
													0	1	0
													1	0	0
													1.7585	-2.438	0.448
												}
											}
											{bone "j_brow_ri_2"
												{Matrix34
													0	0	-1
													0	1	0
													1	0	0
													1.7595	-2.2885	0.8515
												}
											}
											{bone "j_cheek_puff_le"
												{Matrix34
													0	0	-1
													0	1	0
													1	0	0
													0.232502	-1.649	-1.044
												}
											}
											{bone "j_cheek_puff_ri"
												{Matrix34
													0	0	-1
													0	1	0
													1	0	0
													0.217999	-1.6735	1.024
												}
											}
											{bone "j_chin"
												{Matrix34
													0	0	-1
													0	1	0
													1	0	0
													-0.473501	-2.315	-0.0535
												}
											}
											{bone "j_eye_lid_bot_le"
												{Matrix34
													0	0	-1
													0	1	0
													1	0	0
													1.451	-2.11	-0.6975
												}
											}
											{bone "j_eye_lid_bot_ri"
												{Matrix34
													0	0	-1
													0	1	0
													1	0	0
													1.428	-2.147	0.633
												}
											}
											{bone "j_eye_lid_top_le"
												{Matrix34
													0	0	-1
													0	1	0
													1	0	0
													1.614	-2.159	-0.709
												}
											}
											{bone "j_eye_lid_top_ri"
												{Matrix34
													0	0	-1
													0	1	0
													1	0	0
													1.5855	-2.188	0.672
												}
											}
											{bone "j_eyeball_le"
												{Matrix34
													0	0	-1
													0	1	0
													1	0	0
													1.581	-1.945	-0.579
												}
											}
											{bone "j_eyeball_ri"
												{Matrix34
													0	0	-1
													0	1	0
													1	0	0
													1.553	-1.9625	0.6845
												}
											}
											{bone "j_eyelash_bot_le_1"
												{Matrix34
													0	0	-1
													0	1	0
													1	0	0
													1.485	-2.033	-0.8385
												}
											}
											{bone "j_eyelash_bot_le_2"
												{Matrix34
													0	0	-1
													0	1	0
													1	0	0
													1.4685	-2.1185	-0.544
												}
											}
											{bone "j_eyelash_bot_ri_1"
												{Matrix34
													0	0	-1
													0	1	0
													1	0	0
													1.4735	-2.113	0.4625
												}
											}
											{bone "j_eyelash_bot_ri_2"
												{Matrix34
													0	0	-1
													0	1	0
													1	0	0
													1.469	-2.0635	0.789
												}
											}
											{bone "j_eyelash_top_le_1"
												{Matrix34
													0	0	-1
													0	1	0
													1	0	0
													1.573	-2.0485	-0.839
												}
											}
											{bone "j_eyelash_top_le_2"
												{Matrix34
													0	0	-1
													0	1	0
													1	0	0
													1.589	-2.142	-0.5115
												}
											}
											{bone "j_eyelash_top_ri_1"
												{Matrix34
													0	0	-1
													0	1	0
													1	0	0
													1.57	-2.159	0.4815
												}
											}
											{bone "j_eyelash_top_ri_2"
												{Matrix34
													0	0	-1
													0	1	0
													1	0	0
													1.543	-2.075	0.804
												}
											}
											{bone "j_furrow_ri"
												{Matrix34
													0	0	-1
													0	1	0
													1	0	0
													1.7475	-2.4585	0.0965
												}
											}
											{bone "j_levator_le_2"
												{Matrix34
													0	0	-1
													0	1	0
													1	0	0
													0.845501	-2.2205	-0.3815
												}
											}
											{bone "j_levator_ri_2"
												{Matrix34
													0	0	-1
													0	1	0
													1	0	0
													0.864502	-2.235	0.376
												}
											}
											{bone "j_lip_bot"
												{Matrix34
													0	0	-1
													0	1	0
													1	0	0
													0.0714989	-2.3025	0.006
												}
											}
											{bone "j_lip_bot_le_1"
												{Matrix34
													0	0	-1
													0	1	0
													1	0	0
													0.0810013	-2.2885	-0.124
												}
											}
											{bone "j_lip_bot_le_2"
												{Matrix34
													0	0	-1
													0	1	0
													1	0	0
													0.0714989	-2.2035	-0.3315
												}
											}
											{bone "j_lip_bot_ri_1"
												{Matrix34
													0	0	-1
													0	1	0
													1	0	0
													0.0834999	-2.273	0.1365
												}
											}
											{bone "j_lip_bot_ri_2"
												{Matrix34
													0	0	-1
													0	1	0
													1	0	0
													0.0625	-2.2035	0.2775
												}
											}
											{bone "j_lip_top"
												{Matrix34
													0	0	-1
													0	1	0
													1	0	0
													0.0714989	-2.3145	-0.005
												}
											}
											{bone "j_lip_top_le_2"
												{Matrix34
													0	0	-1
													0	1	0
													1	0	0
													0.0864983	-2.2045	-0.324
												}
											}
											{bone "j_lip_top_ri_2"
												{Matrix34
													0	0	-1
													0	1	0
													1	0	0
													0.0789986	-2.2085	0.2565
												}
											}
											{bone "j_lowergum"
												{Matrix34
													0	0	-1
													0	1	0
													1	0	0
													-0.168001	-2.154	-0.076
												}
											}
											{bone "j_mouthcorner_le"
												{Matrix34
													0	0	-1
													0	1	0
													1	0	0
													0.0719986	-2.0875	-0.4455
												}
											}
											{bone "j_mouthcorner_ri"
												{Matrix34
													0	0	-1
													0	1	0
													1	0	0
													0.0859985	-2.012	0.4335
												}
											}
											{bone "j_nasolabial_le_3"
												{Matrix34
													0	0	-1
													0	1	0
													1	0	0
													-0.223	-1.9745	-0.764
												}
											}
											{bone "j_nasolabial_ri_3"
												{Matrix34
													0	0	-1
													0	1	0
													1	0	0
													-0.195999	-1.9805	0.6675
												}
											}
											{bone "j_periorbital_le_2"
												{Matrix34
													0	0	-1
													0	1	0
													1	0	0
													1.211	-2.0515	-0.7445
												}
											}
											{bone "j_periorbital_ri_2"
												{Matrix34
													0	0	-1
													0	1	0
													1	0	0
													1.1835	-2.074	0.694
												}
											}
											{bone "j_tongue_1"
												{Matrix34
													-0.138463	-0.990368	0
													0	0	-1
													0.990368	-0.138463	0
													0.0660019	-1.5675	-0.022
												}
											}
											{bone "j_uppergum"
												{Matrix34
													0	0	-1
													0	1	0
													1	0	0
													0.397999	-2.24	-0.041
												}
											}
											{bone "j_jaw"
												{Matrix34
													0	0	-1
													0	1	0
													1	0	0
													0.0509987	-0.4235	0
												}
											}
										}
									}
								}
							}
						}
					}
				}
			}
			{bone revolute "placement"
				{Matrix34
					0	1	0
					-1	0	0
					0	0	1
					0.783108	0	0
				}
			}
			{bone "foot1r"
				{Matrix34
					-0.993574	0.0113922	0.112613
					0.112601	-0.00168383	0.993639
					0.0115094	0.999934	0.000390052
					-0.143518	2.17103	-0.488755
				}
				{bone "foot2r"
					{Matrix34
						0.951795	-0.306736	-0.00010452
						0.306736	0.951795	-3.96455e-05
						0.00011162	0	1
						9.37831	-0.0472314	0
					}
					{bone "bone03"
						{Matrix34
							0.221381	0.973964	0.0488397
							-0.972284	0.216583	0.0880676
							0.0751968	-0.0669828	0.994917
							8.74023	0.113253	0.00567937
						}
					}
					{bone "foot3r"
						{Matrix34
							0.0880284	0.974738	0.205272
							0.00721268	0.205443	-0.978643
							-0.996092	0.0876285	0.0110542
							9.2003	-0.346288	-0.0729969
						}
						{bone "bone05"
							{Position 2.60015	0	0}
						}
					}
				}
			}
		}
		{bone revolute "foresight2rot"
			{limits -20 20}
			{speed 0.1}
			{Position 13.7429	0.0246876	27.5947}
		}
		{bone "palm_ik_holder_right02"
			{Matrix34
				0.877807	-0.47052	0.0898095
				0.420448	0.846653	0.326193
				-0.229518	-0.248574	0.941027
				0.107621	-10.1948	27.8378
			}
			{bone "palm_ik_holder_right01"
				{Matrix34
					0.00333614	-0.999958	0.00855812
					-0.999992	-0.00331769	0.00210746
					-0.00207914	-0.00856498	-0.999961
					5.19224	0	0
				}
				{bone "palm_ik_holder_right"
					{Matrix34
						-0.963565	-0.249482	-0.0964404
						-0.0459583	-0.200771	0.97856
						-0.263496	0.947338	0.18199
						0.119856	-0.16488	0.148727
					}
					{bone "ik_chain07"
						{Matrix34
							0.999956	0.00324056	-0.0088628
							2.75373e-05	0.938188	0.346125
							0.00943679	-0.346109	0.938147
							0.138651	1.07072	-1.80207
						}
					}
				}
			}
		}
		{bone "palm_ik_holder_left02"
			{Matrix34
				0.878554	0.469039	0.09025
				0.418909	-0.847419	0.326186
				0.229473	-0.248765	-0.940988
				0.103745	10.2025	27.8356
			}
			{bone "palm_ik_holder_left01"
				{Matrix34
					0.00130199	-0.999932	0.0116375
					-0.999999	-0.0013141	-0.00103832
					0.00105345	-0.0116362	-0.999932
					5.25744	-0.000657082	-0.00162125
				}
				{bone "palm_ik_holder_left"
					{Matrix34
						0.965404	0.249251	-0.0766089
						-0.0261238	-0.199865	-0.979475
						-0.259446	0.947591	-0.186439
						0.0856133	-0.338799	-0.0894642
					}
					{bone "ik_chain08"
						{Matrix34
							0.999967	-0.00286275	0.00758451
							0.000204325	0.944171	0.329455
							-0.00810431	-0.329442	0.944141
							-0.0736461	1.03671	-1.81879
						}
					}
				}
			}
		}
		{bone "skin"
			{parameters "ID=body;"}
			{VolumeView "1stp.ply"}
		}
		{bone "tag_origin"
			{bone "tag_sync"
				{bone "j_shield_ri"
					{Position -0.432	-3.863	28.803}
				}
			}
			{bone "j_mainroot"
				{Matrix34
					0	0	1
					-1	-6.07073e-05	0
					6.07073e-05	-1	0
					-0.505	0	19.1
				}
				{bone "j_spinelower"
					{Position 1.7665	0	0}
					{bone "j_spineupper"
						{Position 3.125	0	0}
						{bone "j_spine4"
							{Position 2.2655	0	0}
							{bone "j_clavicle_le"
								{Matrix34
									0.00940724	-0.0214063	-0.999727
									0.000186506	0.999771	-0.0214055
									0.999956	1.49083e-05	0.00940908
									2.5185	-0.011	-0.9715
								}
								{bone "j_shoulder_le"
									{Matrix34
										0.656544	-0.166149	-0.735761
										0.191312	0.980222	-0.0506388
										0.729623	-0.107513	0.675345
										2.89231	-1.56164e-05	0.000116348
									}
									{bone "j_elbow_le"
										{Matrix34
											0.682424	-0.730956	0
											0.730956	0.682424	0
											0	0	1
											5.7647	0.000236273	-0.000331879
										}
										{bone "j_wrist_le"
											{Position 5.52078	0.000142097	3.43323e-05}
											{bone "tag_accessory_left"
											}
											{bone "tag_ik_wrist_loc_le"
											}
											{bone "j_metamid_le_1"
												{Matrix34
													0.989195	-0.0657903	0.131014
													0.123828	-0.103466	-0.986895
													0.0784834	0.992455	-0.0942009
													0.320391	-0.099844	0.0301514
												}
												{bone "j_mid_le_1"
													{Matrix34
														0.887494	0.459614	0.0333046
														-0.460507	0.887234	0.0273674
														-0.0169708	-0.0396254	0.999071
														1.32978	5.34058e-05	-0.000415802
													}
													{bone "j_mid_le_2"
														{Matrix34
															0.55835	0.829605	0
															-0.829605	0.558351	0
															0	0	1
															1.0044	-4.19617e-05	-0.000109673
														}
														{bone "j_mid_le_3"
															{Matrix34
																0.894406	0.447256	0
																-0.447256	0.894406	0
																0	0	1
																0.549784	0.000218868	0.000313759
															}
														}
													}
												}
											}
											{bone "j_thumb_le_1"
												{Matrix34
													0.310298	-0.760255	-0.570726
													0.941126	0.330394	0.0715676
													0.134155	-0.559332	0.818016
													0.315284	-0.345289	-0.114826
												}
												{bone "j_thumb_le_2"
													{Matrix34
														0.821078	0.494016	-0.285969
														-0.559294	0.796414	-0.230033
														0.11411	0.348816	0.930218
														1.04972	0.000238419	-0.000205994
													}
													{bone "j_thumb_le_3"
														{Matrix34
															0.933367	0.358924	0
															-0.358924	0.933367	0
															0	0	1
															0.644678	-0.000132561	-8.39233e-05
														}
													}
												}
											}
											{bone "j_metaindex_le_1"
												{Matrix34
													0.974982	-0.172978	0.139604
													0.122224	-0.107401	-0.986674
													0.185666	0.979052	-0.0835725
													0.305155	-0.469769	0.0351429
												}
												{bone "j_index_le_1"
													{Matrix34
														0.939149	0.342919	0.0201363
														-0.33983	0.918932	0.200201
														0.0501485	-0.194861	0.979548
														1.31027	9.15527e-05	1.23978e-05
													}
													{bone "j_index_le_2"
														{Matrix34
															0.89469	0.446687	0
															-0.446687	0.89469	0
															0	0	1
