;Exported by: Xpycmb
;Date:        Thu Jan  9 18:09:28 2025
;File:        C:\Users\Xpycmb\Documents\3ds Max 2020\scenes\lynx_x.max
{Skeleton
	{bone "basis"
		{Orientation
			1	0	0
			0	-1	0
			0	0	1
		}
		{bone "move"
			{parameters "Clear;"}
			{bone "reference"
				{parameters "hkaSkeleton = Reference;hkaBone = 0;"}
				{Orientation
					0	-1	0
					-0.258819	0	0.965926
					-0.965926	0	-0.25882
				}
				{bone "ball"
					{parameters "hkaSkeleton = Reference;hkaBone = 33;"}
					{Matrix34
						-0.999998	-0.00138088	0.00138262
						-0.00138261	0.999998	-0.00138117
						-0.00138087	-0.00138241	-0.999998
						0	10.4125	0
					}
					{bone prizmatic "suspension_l1"
						{limits -0.02 0}
						{speed2 6}
						{Matrix34
							-0.000978303	-0.257485	0.966282
							0.999998	0.00138187	0.00138075
							-0.0016911	0.966281	0.257484
							0	0	0
						}
						{bone "turnl"
							{Matrix34
								1	0	0
								0	0	1
								0	-1	0
								0	0	0
							}
							{bone "turnl_run"
								{Position 0	0	0}
								{bone "wheelsl"
									{parameters "wheelsL;"}
									{Position 0	0	0}
									{bone revolute "wheelr2"
										{parameters "ID=trackRight;Radius=0.557;"}
										{Matrix34
											1	0	0
											0	-1	0
											0	0	-1
											-0.0248318	-0.00669575	-0.0479274
										}
										{VolumeView "wheelr2.ply"}
									}
								}
							}
						}
						{bone "trackl"
							{Matrix34
								0	1	0
								-1	0	0
								0	0	1
								2.69458	-0.333139	-10.8799
							}
						}
						{bone "fxtracel1"
							{Matrix34
								0	1	0
								-1	0	0
								0	0	1
								2.69458	-0.333139	-10.8799
							}
						}
					}
					{bone prizmatic "suspension_r1"
						{limits -0.02 0}
						{speed2 6}
						{Matrix34
							-0.000978303	-0.257485	0.966282
							0.999998	0.00138187	0.00138075
							-0.0016911	0.966281	0.257484
							0	0	0
						}
						{bone "turnr"
							{Matrix34
								1	0	0
								0	0	1
								0	-1	0
								0	0	0
							}
							{bone "turnr_run"
								{Position 0	0	0}
								{bone "wheelsr"
									{parameters "wheelsR;"}
									{Position 0	0	0}
									{bone revolute "wheell2"
										{parameters "ID=trackLeft;Radius=0.557;"}
										{Matrix34
											1	0	0
											0	-1	0
											0	0	-1
											-0.0248318	-0.00669575	-0.0479274
										}
										{VolumeView "wheell2.ply"}
									}
								}
							}
						}
						{bone "trackr"
							{Matrix34
								0	1	0
								-1	0	0
								0	0	1
								2.69458	0.465833	-10.8799
							}
						}
						{bone "fxtracer1"
							{Matrix34
								0	1	0
								-1	0	0
								0	0	1
								2.69458	0.465833	-10.8799
							}
						}
					}
				}
				{bone "hips_engine"
					{parameters "hkaSkeleton = Reference;hkaBone = 1;"}
					{Matrix34
						0.999998	-0.00120286	0.00154
						0.00153999	0.970261	-0.242057
						-0.00120285	0.242059	0.970261
						0	10.4124	4.45843e-05
					}
					{bone "hips"
						{parameters "hkaSkeleton = Reference;hkaBone = 1;"}
						{bone "rightarm"
							{parameters "hkaSkeleton = Reference;hkaBone = 3;"}
							{Matrix34
								-0.555663	0.78623	0.270334
								-0.42483	0.0109976	-0.905206
								-0.714674	-0.617836	0.327903
								3.66574	2.2348	10.6306
							}
							{bone "brake_r"
								{parameters "ID=Body;"}
								{Matrix34
									0.554333	0.42659	0.714658
									0.261456	-0.904445	0.337075
									0.790162	0	-0.612898
									-11.2139	11.235	7.11656
								}
								{VolumeView "brake_r.ply"}
								{bone "brake_r_fx"
									{Matrix34
										0.72796	0.369778	-0.577355
										0.34874	0.525316	0.776159
										0.590301	-0.76636	0.253453
										-6.13099	8.64453	7.86908
									}
								}
							}
						}
						{bone "leftupleg"
							{parameters "hkaSkeleton = Reference;hkaBone = 4;"}
							{Matrix34
								0.998008	0.0630059	0.00306603
								0.0625743	-0.994976	0.0781441
								0.00797397	-0.0777962	-0.996937
								-8.79335	-0.595339	-13.9205
							}
							{bone "railing_l"
								{parameters "ID=Body;"}
								{Matrix34
									-0.00533008	-0.0609795	0.998125
									-0.9981	-0.0609483	-0.00905333
									0.0613862	-0.996276	-0.0605384
									-7.48972	5.31866	-14.0926
								}
								{VolumeView "railing_l.ply"}
							}
						}
						{bone "leftengine"
							{parameters "hkaSkeleton = Reference;hkaBone = 5;"}
							{Matrix34
								-0.00195792	0	0.999998
								0.00195414	0.999998	0
								-0.999996	0.00195402	-0.00195811
								-8.71149	10.2595	12.6171
							}
							{bone "left_engine"
								{parameters "ID=left_engine;"}
								{Matrix34
									0.99982	0.0188736	-0.00191845
									-0.00165798	-0.0137911	-0.999904
									-0.0188985	0.999727	-0.0137575
									-0.30329	-0.688824	-0.149304
								}
								{VolumeView "left_engine.ply"}
							}
						}
						{bone revolute "turret_base_ik"
							{limits -60 60}
							{speed 0.1}
							{Matrix34
								-0.0165354	-0.0141855	-0.999763
								-0.999863	0.00027018	0.016533
								3.56167e-05	0.999899	-0.0141884
								0	17.8472	10.7409
							}
							{bone revolute "turret_aim_ik"
								{limits -20 65}
								{speed 0.1}
								{Matrix34
									0.975611	-0.0177835	0.218786
									-0.21876	0.00336922	0.975773
									-0.01809	-0.999836	-0.000603351
									1.96365	-0.0362861	1.82382
								}
								{bone "weaponattach"
									{parameters "hkaSkeleton = Reference;hkaBone = 8;"}
									{Orientation
										-0.00190836	0.000215759	0.999998
										0.2162	0.976349	0.00020186
										-0.976347	0.2162	-0.0019098
									}
									{bone "mgun"
										{parameters "ID=mgun;"}
										{Matrix34
											-0.00463791	0.00149762	-0.999988
											-0.999986	-0.00242307	0.00463425
											-0.0024162	0.999996	0.0015086
											-0.0186811	0.432362	0.915253
										}
										{VolumeView "mgun.ply"}
										{bone "clip_magazine"
											{Matrix34
												0.996195	0	0.0871558
												0	1	0
												-0.0871556	0	0.996195
												3.27694	-0.475342	0.430891
											}
											{bone "magazine"
												{parameters "ID=mgun;"}
												{Matrix34
													0.996195	0	-0.0871556
													0	1	0
													0.0871558	0	0.996195
													-0.134892	0.523841	-1.27961
												}
												{VolumeView "magazine.ply"}
												{bone "bullet_cover"
													{Matrix34
														1	0	0
														0	0.962782	-0.27028
														0	0.27028	0.962782
														0.0754232	1.16605	0.671295
													}
													{bone "magazine_cover"
														{parameters "ID=mgun;"}
														{Matrix34
															1	0	0
															0	0.962782	0.27028
															0	-0.27028	0.962782
															-0.00296879	-0.286021	0.279675
														}
														{VolumeView "magazine_cover.ply"}
													}
												}
												{bone "ring_pba"
													{Matrix34
														0	1	0
														-0.999897	0	0.0143544
														0.0143545	0	0.999897
														0.0754223	1.3457	0.0693645
													}
													{bone "ring"
														{parameters "ID=mgun;"}
														{Matrix34
															0	-0.999897	0.0143544
															1	0	0
															0	0.0143543	0.999897
															0.0583341	-0.00457668	-0.322918
														}
														{VolumeView "ring.ply"}
													}
												}
												{bone "bullet_base"
													{Position -0.0586424	1.07074	0.367088}
													{bone "bullet13_bone"
														{Position -0.054801	-0.00191545	0.083622}
														{bone "bullet12_bone"
															{Position 0	-0.0968831	0.172558}
															{bone "bullet11_bone"
																{Position 0	-0.0723156	0.172998}
																{bone "bullet10_bone"
																	{Position 0	-0.107029	0.167992}
																	{bone "bullet9_bone"
																		{Position 0	-0.0921049	0.163204}
																		{bone "bullet8_bone"
																			{Position 0	-0.0698643	0.173332}
																			{bone "bullet07_bone"
																				{Position 0	0.0246736	0.182793}
																				{bone "bullet06_bone"
																					{Position 0	0.048506	0.185755}
																					{bone "bullet05_bone"
																						{Position 0	0.0391161	0.187775}
																						{bone "bullet04_bone"
																							{Position 0	0.0708788	0.17576}
																							{bone "bullet03_bone"
																								{Position 0	0.0512565	0.183739}
																								{bone "bullet02_bone"
																									{Position 0	-0.086615	0.171402}
																									{bone "bullet01_bone"
																										{Position 0	-0.179197	0.0690556}
																										{bone "bullet00_bone"
																											{Position 0	-0.188027	0.00433922}
																											{bone "bullet_bone"
																												{Position 0	-0.205902	0}
																											}
																											{bone "bullet00"
																												{parameters "ID=mgun;"}
																												{Matrix34
																													0	-0.996195	0.0871556
																													1	0	0
																													0	0.0871558	0.996195
																													0	0	0
																												}
																												{VolumeView "bullet00.ply"}
																											}
																										}
																										{bone "bullet01"
																											{parameters "ID=mgun;"}
																											{Orientation
																												0	-1	0
																												1	0	0
																												0	0	1
																											}
																											{VolumeView "bullet01.ply"}
																										}
																									}
																									{bone "bullet02"
																										{parameters "ID=mgun;"}
																										{Orientation
																											0	-0.906308	0.422618
																											1	0	0
																											0	0.422618	0.906308
																										}
																										{VolumeView "bullet02.ply"}
																									}
																								}
																								{bone "bullet03"
																									{parameters "ID=mgun;"}
																									{Matrix34
																										0	-0.5	0.866026
																										1	0	0
																										0	0.866026	0.5
																										0	0	0
																									}
																									{VolumeView "bullet03.ply"}
																								}
																							}
																							{bone "bullet04"
																								{parameters "ID=mgun;"}
																								{Matrix34
																									0	0.25882	0.965926
																									1	0	0
																									0	0.965926	-0.25882
																									0	0	0
																								}
																								{VolumeView "bullet04.ply"}
																							}
																						}
																						{bone "bullet05"
																							{parameters "ID=mgun;"}
																							{Matrix34
																								0	0.200104	0.979775
																								1	0	0
																								0	0.979775	-0.200104
																								0	0	0
																							}
																							{VolumeView "bullet05.ply"}
																						}
																					}
																					{bone "bullet06"
																						{parameters "ID=mgun;"}
																						{Orientation
																							0	0.173649	0.984808
																							1	0	0
																							0	0.984808	-0.173649
																						}
																						{VolumeView "bullet06.ply"}
																					}
																				}
																				{bone "bullet07"
																					{parameters "ID=mgun;"}
																					{Matrix34
																						0	0.25882	0.965926
																						1	0	0
																						0	0.965926	-0.25882
																						0	0	0
																					}
																					{VolumeView "bullet07.ply"}
																				}
																			}
																			{bone "bullet08"
																				{parameters "ID=mgun;"}
																				{Matrix34
																					0	0.0871565	0.996195
																					1	0	0
																					0	0.996195	-0.0871563
																					0	0	0
																				}
																				{VolumeView "bullet08.ply"}
																			}
																		}
																		{bone "bullet09"
																			{parameters "ID=mgun;"}
																			{Orientation
																				0	-0.34202	0.939693
																				1	0	0
																				0	0.939693	0.34202
																			}
																			{VolumeView "bullet09.ply"}
																		}
																	}
																	{bone "bullet10"
																		{parameters "ID=mgun;"}
																		{Matrix34
																			0	-0.5	0.866026
																			1	0	0
																			0	0.866026	0.5
																			0	0	0
																		}
																		{VolumeView "bullet10.ply"}
																	}
																}
																{bone "bullet11"
																	{parameters "ID=mgun;"}
																	{Matrix34
																		0	-0.573577	0.819152
																		1	0	0
																		0	0.819152	0.573577
																		0	0	0
																	}
																	{VolumeView "bullet11.ply"}
																}
															}
															{bone "bullet12"
																{parameters "ID=mgun;"}
																{Orientation
																	0	-0.5	0.866026
																	1	0	0
																	0	0.866026	0.5
																}
																{VolumeView "bullet12.ply"}
															}
														}
														{bone "bullet13"
															{parameters "ID=mgun;"}
															{VolumeView "bullet13.ply"}
														}
													}
												}
											}
										}
										{bone "recoil_bone"
											{Position 2.34873	-0.000379459	1.35256}
											{bone "recoil"
												{parameters "ID=mgun;"}
												{Position 0.571105	0	0}
												{VolumeView "recoil.ply"}
											}
										}
										{bone "caps2_bone"
											{Position 3.22787	-0.394816	1.46545}
											{bone "caps2"
												{parameters "ID=mgun;"}
												{Position 0.010006	-0.0514097	-0.130718}
												{VolumeView "caps2.ply"}
											}
										}
										{bone "caps_bone"
											{Position 3.30827	0.70886	1.32709}
											{bone "caps"
												{parameters "ID=mgun;"}
												{Position 0	-0.0392519	-0.258362}
												{VolumeView "caps.ply"}
											}
										}
										{bone "recoil2_bone"
											{Position 3.31071	0.0636416	0.947708}
											{bone "shell_drop"
												{parameters "ID=mgun;"}
												{Matrix34
													0.000563043	-0.981111	-0.193446
													-0.999985	-0.0016232	0.00531992
													-0.00553395	0.193439	-0.981097
													0	0	0
												}
												{VolumeView "shell_drop.ply"}
											}
										}
										{bone "upperl_bone"
											{Position 3.9722	0	1.67515}
											{bone "upper"
												{parameters "ID=mgun;"}
												{Position -2.16831	0.0430282	0.0946865}
												{VolumeView "upper.ply"}
												{bone "sort_latch_bone"
													{Position -0.365185	-0.0811927	-0.195084}
													{bone "sort_latch"
														{parameters "ID=mgun;"}
														{Orientation
															0.999972	0.00754442	0
															-0.00754438	0.999972	0
															0	0	1
														}
														{VolumeView "sort_latch.ply"}
													}
												}
												{bone "sort_bone"
													{Position 1.3625	0.248344	-0.0356998}
													{bone "sort"
														{parameters "ID=mgun;"}
														{Position -0.00198174	0	-0.000442505}
														{VolumeView "sort.ply"}
													}
												}
											}
										}
										{bone "armed_bone"
											{Position 3.30499	-0.362967	1.06139}
											{bone "armed"
												{parameters "ID=mgun;"}
												{Position 0.365903	0.0261895	-0.061306}
												{VolumeView "armed.ply"}
												{bone "armed_bone_ik"
													{Position -1.18264	-0.160815	0.0770531}
												}
											}
										}
										{bone "barrel"
											{parameters "ID=mgun;"}
											{Matrix34
												1	0	0
												0	1	0
												0	0	1
												9.97283	0.0589148	1.0818
											}
											{VolumeView "barrel.ply"}
										}
									}
								}
							}
							{bone "weapon_arm"
								{parameters "ID=Body;"}
								{Matrix34
									0.0165347	0.999863	-3.549e-05
									-0.999763	0.0165324	-0.0141899
									-0.014187	0.000270145	0.999899
									0.799262	-0.0144132	0.744419
								}
								{VolumeView "weapon_arm.ply"}
							}
						}
						{bone "rightengine"
							{parameters "hkaSkeleton = Reference;hkaBone = 9;"}
							{Matrix34
								0.000455775	0	1
								-0.00503393	0.999987	0
								-0.999987	-0.00503406	0.000455521
								8.53066	10.202	12.8482
							}
							{bone "right_engine"
								{parameters "ID=right_engine;"}
								{Matrix34
									0.999848	0.0173234	0.00197499
									0.0020351	-0.00344582	-0.999992
									-0.0173165	0.999844	-0.00348062
									-0.534123	-0.631767	-0.0256062
								}
								{VolumeView "right_engine.ply"}
							}
						}
						{bone "sawblade_hatch"
							{parameters "hkaSkeleton = Reference;hkaBone = 24;"}
							{Position 0	-3.44537	-13.136}
							{bone "front_hatch"
								{parameters "ID=front_hatch;"}
								{Matrix34
									0	0	-1
									-1	0	0
									0	1	0
									0	5.03256	-0.0822554
								}
								{VolumeView "front_hatch.ply"}
							}
						}
						{bone "rightupleg"
							{parameters "hkaSkeleton = Reference;hkaBone = 25;"}
							{Matrix34
								0.997831	-0.0657669	-0.00286673
								0.0653203	0.994579	-0.0809037
								0.00817218	0.0805406	0.996718
								8.7958	-0.595382	-13.9205
							}
							{bone "railing_r"
								{parameters "ID=Body;"}
								{Matrix34
									0.00283171	0.0635953	-0.997972
									-0.997731	-0.0669482	-0.00709748
									-0.0672637	0.995728	0.063261
									7.80528	-5.27479	14.079
								}
								{VolumeView "railing_r.ply"}
							}
						}
						{bone "leftarm"
							{parameters "hkaSkeleton = Reference;hkaBone = 26;"}
							{Matrix34
								-0.553214	-0.787874	-0.270572
								-0.427371	-0.0103754	0.904017
								-0.715059	0.615749	-0.330975
								-3.66327	2.23482	10.6306
							}
							{bone "brake_l"
								{parameters "ID=Body;"}
								{Matrix34
									0.554333	0.42659	0.714658
									-0.261456	0.904445	-0.337075
									-0.790162	0	0.612898
									11.2125	-11.2361	-7.11832
								}
								{VolumeView "brake_l.ply"}
							}
						}
						{bone "body"
							{parameters "ID=main_body;"}
							{Matrix34
								-1	0	0
								0	0	1
								0	1	0
								0.00123067	-10.85	-0.00299692
							}
							{VolumeView "body.ply"}
							{bone "cpu"
								{parameters "ID=cpu;"}
								{Matrix34
									0.999998	0.00120286	-0.00153964
									-0.0011761	0.999849	0.0173132
									0.0015602	-0.0173115	0.999849
									0.00947799	8.42392	22.7841
								}
								{VolumeView "cpu.ply"}
							}
							{bone "hydraulic"
								{parameters "ID=hydraulic;"}
								{Matrix34
									0	0.999822	0.0188719
									-0.999876	0.000300177	-0.0157455
									-0.0157484	-0.0188699	0.999698
									0	13.2562	18.6558
								}
								{VolumeView "hydraulic.ply"}
							}
						}
						{bone "sideplate_left"
							{parameters "ID=sideplate_left;"}
							{Matrix34
								9.19664e-05	-0.693637	0.720325
								0.999875	-0.0113066	-0.0110152
								0.0157852	0.720237	0.693549
								-8.59733	6.92143	13.9716
							}
							{VolumeView "sideplate_left.ply"}
						}
						{bone "sideplate_right"
							{parameters "ID=sideplate_right;"}
							{Matrix34
								9.19664e-05	-0.693637	0.720325
								0.999875	-0.0113066	-0.0110152
								0.0157852	0.720237	0.693549
								8.59976	6.92136	13.9715
							}
							{VolumeView "sideplate_right.ply"}
						}
						{bone "kneepad_r"
							{parameters "ID=kneepad_r;"}
							{Matrix34
								8.90628e-05	0.560603	-0.828085
								-0.999821	-0.0155967	-0.0106664
								-0.0188948	0.827938	0.560501
								9.01888	12.6691	1.4146
							}
							{VolumeView "kneepad_r.ply"}
						}
						{bone "kneepad_l"
							{parameters "ID=kneepad_l;"}
							{Matrix34
								8.90628e-05	0.560603	-0.828085
								-0.999821	-0.0155967	-0.0106664
								-0.0188948	0.827938	0.560501
								-9.01622	12.6689	1.41468
							}
							{VolumeView "kneepad_l.ply"}
						}
						{bone "sidearmor_00_rus_r"
							{parameters "ID=sidearmor_00_rus_r;"}
							{Matrix34
								0.000136391	0.858042	-0.513579
								-0.999821	-0.00961274	-0.0163256
								-0.0189447	0.513489	0.857887
								8.53188	13.6278	1.27099
							}
							{VolumeView "sidearmor_00_rus_r.ply"}
						}
						{bone "sidearmor_00_rus_l"
							{parameters "ID=sidearmor_00_rus_l;"}
							{Matrix34
								0.000136391	0.858042	-0.513579
								-0.999821	-0.00961274	-0.0163256
								-0.0189447	0.513489	0.857887
								-8.53304	13.6152	1.28126
							}
							{VolumeView "sidearmor_00_rus_l.ply"}
						}
						{bone "railing_b_armor"
							{parameters "ID=railing_b_armor;"}
							{Matrix34
								-1	0	0
								0	0	1
								0	1	0
								0.00123113	1.37224	15.6129
							}
							{VolumeView "railing_b_armor.ply"}
						}
						{bone "fuel"
							{parameters "ID=Fuel;"}
							{Matrix34
								0	0.0188717	0.999822
								0.999876	-0.0157451	0.000299797
								0.0157481	0.999698	-0.0188698
								-3.22841	3.28004	13.3515
							}
							{VolumeView "fuel.ply"}
						}
						{bone "sidearmor_03_rus_r"
							{parameters "ID=sidearmor_03_rus_r;"}
							{Matrix34
								0.999995	0.00312028	-5.37416e-05
								5.40486e-05	-0.0346178	-0.999401
								-0.00312022	0.999396	-0.0346179
								13.273	11.2442	6.93038
							}
							{VolumeView "sidearmor_03_rus_r.ply"}
						}
						{bone "sidearmor_03_rus_l"
							{parameters "ID=sidearmor_03_rus_l;"}
							{Matrix34
								-1	0	0
								0	0	1
								0	1	0
								-13.2709	11.2444	6.93018
							}
							{VolumeView "sidearmor_03_rus_l.ply"}
						}
						{bone revolute "head_ik_h"
							{limits -10 10}
							{speed 0.1}
							{Matrix34
								-0.999998	-0.00154008	0.00120261
								0.00127768	-0.0495767	0.99877
								-0.00147843	0.998769	0.0495783
								0.000162239	9.8473	-11.3936
							}
							{bone revolute "head_ik_v"
								{limits -25 25}
								{speed 0.1}
								{Orientation
									0	0	1
									0	1	0
									-1	0	0
								}
								{bone "head"
									{parameters "hkaSkeleton = Reference;hkaBone = 2;"}
									{Matrix34
										-0.894089	-0.447884	-0.00228211
										0.447884	-0.894091	0.000909929
										-0.00244782	-0.000208388	0.999997
										-0.0928364	-0.046751	-0.000240253
									}
									{bone "head_sm"
										{parameters "ID=Head;"}
										{Matrix34
											0	0	-1
											0.643306	-0.765609	0
											-0.765609	-0.643306	0
											-0.103945	-0.000217438	0
										}
										{VolumeView "head_sm.ply"}
										{bone "organ_head"
											{parameters "ID=head_organ;"}
											{Matrix34
												1	0	0
												0	0.334125	0.942529
												0	-0.942529	0.334125
												0.0476357	0.00782204	0.125929
											}
											{VolumeView "organ_head.ply"}
										}
										{bone "head_ems_00_hold"
											{parameters "ID=Head;"}
											{Matrix34
												0	-0.41721	-0.90881
												0.999997	0.00220817	-0.0010072
												0.00242654	-0.908807	0.417209
												0.00265074	-0.566399	-0.945206
											}
											{VolumeView "head_ems_00_hold.ply"}
										}
										{bone "head_ems_00_search"
											{parameters "ID=Head;"}
											{Matrix34
												0	-0.41721	-0.90881
												0.999997	0.00220817	-0.0010072
												0.00242654	-0.908807	0.417209
												0.00264702	-0.569731	-0.954602
											}
											{visibility 0}
											{VolumeView "head_ems_00_search.ply"}
										}
										{bone "head_ems_00_alarm"
											{parameters "ID=Head;"}
											{Matrix34
												0	-0.41721	-0.90881
												0.999997	0.00220817	-0.0010072
												0.00242654	-0.908807	0.417209
												0.00264237	-0.573936	-0.966458
											}
											{visibility 0}
											{VolumeView "head_ems_00_alarm.ply"}
										}
									}
								}
							}
						}
						{bone "sidearmor_01_rus_l"
							{parameters "ID=sidearmor_01_rus_l;"}
							{Matrix34
								7.72426e-05	0.486297	-0.873793
								-0.999822	-0.0164664	-0.00925261
								-0.0188875	0.873639	0.486209
								-8.52894	11.0247	-1.33921
							}
							{VolumeView "sidearmor_01_rus_l.ply"}
						}
						{bone "sidearmor_01_rus_r"
							{parameters "ID=sidearmor_01_rus_r;"}
							{Matrix34
								7.72426e-05	0.486297	-0.873793
								-0.999822	-0.0164664	-0.00925261
								-0.0188875	0.873639	0.486209
								8.53599	11.0373	-1.34986
							}
							{VolumeView "sidearmor_01_rus_r.ply"}
						}
						{bone "sawblade_mount_link"
							{Matrix34
								-0.999998	-0.00154004	0.00120235
								0.00117593	0.0173299	0.999849
								-0.00156061	0.999849	-0.0173285
								0.0392351	7.47421	-10.3899
							}
							{bone "sawblade_mount"
								{Matrix34
									1	0	0
									0	0.753865	0.65703
									0	-0.65703	0.753865
									0	-1.30202	0.223284
								}
								{bone "saw_blade"
									{parameters "CommonMesh;ID=main_body;"}
									{Matrix34
										0.999991	0.00427789	-0.000559375
										-0.0042282	0.997553	0.0697818
										0.000856704	-0.0697778	0.997562
										-0.0280481	2.42383	-0.0414085
									}
									{VolumeView "saw_blade.ply"}
								}
								{bone "sawblade_rot"
									{Position -0.00711477	-6.34967	-5.80603}
									{bone "sawblade_11"
										{Position 0	0	0}
										{bone "sawblade_10"
											{Matrix34
												1	0	0
												0	0.866025	-0.5
												0	0.5	0.866025
												0	0	0
											}
											{bone "sawblade_09"
												{Matrix34
													1	0	0
													0	0.866025	-0.5
													0	0.5	0.866026
													0	0	0
												}
												{bone "sawblade_08"
													{Matrix34
														1	0	0
														0	0.866025	-0.5
														0	0.5	0.866026
														0	0	0
													}
													{bone "sawblade_07"
														{Matrix34
															1	0	0
															0	0.866026	-0.5
															0	0.5	0.866025
															0	0	0
														}
														{bone "sawblade_06"
															{Matrix34
																1	0	0
																0	0.866026	-0.5
																0	0.5	0.866025
																0	0	0
															}
															{bone "sawblade_05"
																{Matrix34
																	1	0	0
																	0	0.866026	-0.5
																	0	0.5	0.866026
																	0	0	0
																}
																{bone "sawblade_04"
																	{Matrix34
																		1	0	0
																		0	0.866025	-0.5
																		0	0.5	0.866026
																		0	0	0
																	}
																	{bone "sawblade_03"
																		{Matrix34
																			1	0	0
																			0	0.866025	-0.5
																			0	0.5	0.866026
																			0	0	0
																		}
																		{bone "sawblade_02"
																			{Matrix34
																				1	0	0
																				0	0.866026	-0.5
																				0	0.5	0.866026
																				0	0	0
																			}
																			{bone "sawblade_01"
																				{Orientation
																					1	0	0
																					0	0.866026	-0.5
																					0	0.5	0.866025
																				}
																				{bone "sawblade_00"
																					{Matrix34
																						1	0	0
																						0	0.866026	-0.5
																						0	0.5	0.866025
																						0	0	0
																					}
																				}
																			}
																		}
																	}
																}
															}
														}
													}
												}
											}
										}
									}
								}
							}
						}
					}
				}
			}
		}
	}
}
