;Exported by: Xpycmb
;Date:        Wed Sep 11 00:43:36 2024
;File:        C:\Users\Xpycmb\Documents\3ds Max 2020\scenes\skirmisher_base_mortar.max
{Skeleton
	{animation
		{sequence "load" {resume}}
		{sequence "shot_small01" {resume}}
		{sequence "shot_small02" {resume}}
		{sequence "shot_small03" {resume}}
		{sequence "shot_small04" {resume}}
		{sequence "shot_small05" {resume}}
		{sequence "reload" {resume}}
		{sequence "cooler" {resume}}
		{sequence "stage1" {speed 0.1} {resume}}
		{sequence "stage2" {speed 0.1} {resume}}
	}
	{bone "basis"
		{Orientation
			1	0	0
			0	-1	0
			0	0	1
		}
		{bone "recevier"
			{parameters "ID=Gun;"}
			{Matrix34
				-0.00118761	0.162011	0.986788
				-0.999927	-0.0120631	0.000777265
				0.0120296	-0.986715	0.162014
				1.45359	-1.51167	-2.64666
			}
			{VolumeView "recevier.ply"}
			{bone "j_recoil"
				{Matrix34
					-1	0.00030752	-0.000886053
					0.000309177	-0.782229	-0.622991
					0.000889935	0.622992	-0.782228
					0.210031	0.386948	-1.68769
				}
				{bone "recoil"
					{parameters "ID=Gun;"}
					{Matrix34
						1	-0.000312984	-0.000881143
						-0.000313731	0.782227	-0.622992
						0.000889599	0.622991	0.78223
						0.0916486	-0.113129	0.314831
					}
					{VolumeView "recoil.ply"}
				}
				{bone "shell_drop"
					{parameters "ID=ammo;"}
					{Matrix34
						-0.00507645	-0.841341	0.540479
						0.0096451	-0.540496	-0.841292
						0.999941	0.000936136	0.010862
						0.784776	0.199517	-0.871352
					}
					{VolumeView "shell_drop.ply"}
				}
			}
			{bone "heater"
				{parameters "ID=Barrel;"}
				{Matrix34
					0.00407478	0.99989	0.0142957
					0.999891	-0.00387065	-0.0142577
					-0.0142003	0.014352	-0.999796
					-5.0801	0.00583577	-0.962943
				}
				{VolumeView "heater.ply"}
			}
			{bone "cooler"
				{parameters "ID=heater;"}
				{Matrix34
					0.00407396	0.99989	0.0142943
					-0.999891	0.00386985	0.0142577
					0.0142003	-0.0143505	0.999796
					2.25165	-0.1653	-1.4028
				}
				{VolumeView "cooler.ply"}
				{bone "j_fan_01"
					{Position 0.00971115	-0.746479	-0.867983}
					{bone "fan_01"
						{parameters "ID=heater;"}
						{Matrix34
							0	0	1
							0	1	0
							-1	0	0
							0	0	0.0297718
						}
						{VolumeView "fan_01.ply"}
					}
				}
				{bone "j_fan_02"
					{Position 0.00971055	-0.219107	-0.838217}
					{bone "fan_02"
						{parameters "ID=heater;"}
						{Matrix34
							0	0	1
							0	1	0
							-1	0	0
							0	0	0
						}
						{VolumeView "fan_02.ply"}
					}
				}
				{bone "j_fan_03"
					{Position 0.0097115	0.308267	-0.838217}
					{bone "fan_03"
						{parameters "ID=heater;"}
						{Matrix34
							0	0	1
							0	1	0
							-1	0	0
							0	0	0
						}
						{VolumeView "fan_03.ply"}
					}
				}
			}
			{bone "j_spring"
				{Matrix34
					0.00407473	0.99989	0.0142943
					-0.999891	0.00387061	0.0142577
					0.0142003	-0.0143506	0.999796
					2.54875	-0.301118	-1.15621
				}
			}
			{bone "j_piston"
				{Matrix34
					0.00407473	0.99989	0.0142943
					-0.999891	0.00387061	0.0142577
					0.0142003	-0.0143506	0.999796
					2.20782	-0.299797	-1.15135
				}
				{bone "piston"
					{Matrix34
						1	0	0
						0	0.0141721	0.9999
						0	-0.9999	0.0141715
						0	-0.613851	0
					}
				}
			}
			{bone "wire"
				{parameters "ID=heater;"}
				{Matrix34
					0.00407473	0.99989	0.0142943
					-0.999891	0.00387061	0.0142577
					0.0142003	-0.0143506	0.999796
					-2.43359	-0.36433	-1.5302
				}
				{VolumeView "wire.ply"}
			}
			{bone "j_drum"
				{Matrix34
					0.999891	-0.00387012	-0.0142537
					0.00407689	0.99989	0.0142946
					-0.0142013	0.0143486	-0.999796
					1.01077	-0.733808	-0.949187
				}
				{bone "drum"
					{parameters "ID=ammo;"}
					{Matrix34
						-0.999891	-0.00407114	0.0141979
						0.00387457	-0.99989	-0.014353
						0.0142566	-0.0142903	0.999796
						0.419562	-0.000107288	0.000373676
					}
					{VolumeView "drum.ply"}
					{bone "j_bullet05"
						{Matrix34
							0.00407446	0.99989	0.0142942
							-0.999891	0.00387065	0.0142571
							0.0142002	-0.0143507	0.999796
							0.274917	-0.324495	0.187717
						}
						{bone "bullet05"
							{parameters "ID=ammo;"}
							{Matrix34
								0.00407351	-0.999891	0.0142002
								0.999889	0.0038697	-0.0143509
								0.0142943	0.0142571	0.999796
								-0.000626445	-0.000354052	-0.00218537
							}
							{VolumeView "bullet05.ply"}
						}
					}
					{bone "j_bullet04"
						{Matrix34
							0.00407446	0.99989	0.0142942
							-0.999891	0.00387065	0.0142571
							0.0142002	-0.0143507	0.999796
							0.274913	-0.333655	-0.195804
						}
						{bone "bullet04"
							{parameters "ID=ammo;"}
							{Matrix34
								0.00407351	-0.999891	0.0142002
								0.999889	0.0038697	-0.0143509
								0.0142943	0.0142571	0.999796
								-0.000626326	-0.000357151	-0.00218534
							}
							{VolumeView "bullet04.ply"}
						}
					}
					{bone "j_bullet03"
						{Matrix34
							0.00407446	0.99989	0.0142942
							-0.999891	0.00387065	0.0142571
							0.0142002	-0.0143507	0.999796
							0.274915	-0.00513911	-0.389368
						}
						{bone "bullet03"
							{parameters "ID=ammo;"}
							{Matrix34
								0.00407351	-0.999891	0.0142002
								0.999889	0.0038697	-0.0143509
								0.0142943	0.0142571	0.999796
								-0.000627756	-0.000356555	-0.00218207
							}
							{VolumeView "bullet03.ply"}
						}
					}
					{bone "j_bullet02"
						{Matrix34
							0.00407446	0.99989	0.0142942
							-0.999891	0.00387065	0.0142571
							0.0142002	-0.0143507	0.999796
							0.274915	0.340004	-0.202853
						}
						{bone "bullet02"
							{parameters "ID=ammo;"}
							{Matrix34
								0.00407351	-0.999891	0.0142002
								0.999889	0.0038697	-0.0143509
								0.0142943	0.0142571	0.999796
								-0.000626564	-0.00035727	-0.00218543
							}
							{VolumeView "bullet02.ply"}
						}
					}
					{bone "j_bullet01"
						{Matrix34
							0.00407446	0.99989	0.0142942
							-0.999891	0.00387065	0.0142571
							0.0142002	-0.0143507	0.999796
							0.274939	0.336831	0.185263
						}
						{bone "bullet01"
							{parameters "ID=ammo;"}
							{Matrix34
								0.00407351	-0.999891	0.0142002
								0.999889	0.0038697	-0.0143509
								0.0142943	0.0142571	0.999796
								-0.000627279	-0.000353217	-0.00218534
							}
							{VolumeView "bullet01.ply"}
						}
					}
					{bone "j_bullet00"
						{Matrix34
							0.00407446	0.99989	0.0142942
							-0.999891	0.00387065	0.0142571
							0.0142002	-0.0143507	0.999796
							0.274919	0.0116086	0.38489
						}
						{bone "bullet00"
							{parameters "ID=ammo;"}
							{Matrix34
								0.00407351	-0.999891	0.0142002
								0.999889	0.0038697	-0.0143509
								0.0142943	0.0142571	0.999796
								-0.000623465	-0.000354052	-0.00218374
							}
							{VolumeView "bullet00.ply"}
						}
					}
				}
			}
			{bone "j_magazine"
				{Matrix34
					-0.999956	-0.00852013	-0.00395402
					0.00401647	-0.00757676	-0.999963
					-0.00848443	0.999935	-0.00760788
					3.40294	-1.92562	0.14222
				}
				{bone "magazine"
					{parameters "ID=magazine;"}
					{Matrix34
						0.999956	-0.00401738	0.0084924
						0.00851309	0.00757236	-0.999935
						0.00395347	0.999963	0.0076125
						0.601666	-0.0213641	0.314353
					}
					{VolumeView "magazine.ply"}
					{bone "belt"
						{parameters "ID=Gun;"}
						{Position 0.00614315	-0.171271	0.932295}
						{VolumeView "belt.ply"}
					}
					{bone "ammo_r01"
						{Matrix34
							0.00742888	-0.995367	0.0958585
							-0.00468397	0.0958264	0.995387
							-0.999961	-0.0078432	-0.00395045
							-0.0332663	-0.538961	1.30238
						}
					}
					{bone "ammo_r02"
						{Matrix34
							0.00742888	-0.995367	0.0958585
							-0.00468397	0.0958264	0.995387
							-0.999961	-0.0078432	-0.00395045
							-0.0332667	-0.228077	0.943447
						}
					}
					{bone "ammo_r03"
						{Matrix34
							0.00742888	-0.995367	0.0958585
							-0.00468397	0.0958264	0.995387
							-0.999961	-0.0078432	-0.00395045
							-0.0332655	0.0761328	0.600319
						}
					}
					{bone "ammo_r04"
						{Matrix34
							0.00742888	-0.995367	0.0958585
							-0.00468397	0.0958264	0.995387
							-0.999961	-0.0078432	-0.00395045
							-0.0355707	0.488649	0.364771
						}
					}
				}
			}
			{bone "j_charge"
				{Matrix34
					-0.999961	-0.00784534	-0.00395164
					0.00401771	-0.00870962	-0.999954
					-0.00780525	0.999932	-0.00873787
					3.22132	-1.08294	-1.15296
				}
				{bone "armed"
					{parameters "ID=Gun;"}
					{Matrix34
						0.999961	-0.00401838	0.00781294
						0.00783812	0.00870415	-0.999931
						0.00395066	0.999954	0.00874161
						0.0300592	0.00131927	0.0354011
					}
					{VolumeView "armed.ply"}
				}
			}
		}
		{bone "foresight3"
			{Matrix34
				-0.00251114	-0.176108	-0.984368
				-0.999649	-0.0255085	0.00711382
				-0.0263623	0.98404	-0.175982
				1.44493	-1.60614	-9.01804
			}
		}
		{bone "heat"
			{Matrix34
				-0.00251165	-0.176109	-0.984368
				-0.999649	-0.0255067	0.00711406
				-0.0263606	0.98404	-0.175983
				1.37168	0.746824	-10.8748
			}
		}
		{bone "heat2"
			{Matrix34
				-0.00251165	-0.176109	-0.984368
				-0.999649	-0.0255067	0.00711406
				-0.0263606	0.98404	-0.175983
				1.3738	0.895576	-10.0434
			}
		}
	}
}
{Volume "cooler"
	{Box 0.48 1.69846 0.265}
	{Bone "cooler"}
	{Matrix34
		-1.2	0	0
		0	-1.19983	0.0201496
		0	-0.0201511	-1.19983
		0.00971098	0.0110352	-0.746246
	}
}
{Volume "heat"
	{Box 0.5 4 0.5}
	{Bone "recevier"}
	{Matrix34
		-0.00488961	-1.19987	-0.0171527
		1.19999	-0.00493315	0.00303868
		0.00311043	0.0171385	-1.19987
		-3.92593	0.00126992	-0.972603
	}
}
{Volume "heat_cooler"
	{Box 0.245 1.1592 0.05}
	{Bone "cooler"}
	{Matrix34
		-1.2	0	0
		0	-1.19983	0.0201497
		0	-0.0201509	-1.19983
		0.00971073	-0.21916	-0.861834
	}
}
{Volume "magazine"
	{Box 1.60171 0.990586 1.39254}
	{Bone "magazine"}
	{Matrix34
		0.00489203	1.19987	0.0171554
		-1.19998	0.00493113	-0.00303792
		-0.00311199	-0.0171379	1.19987
		0.0014772	0.354032	-0.00799817
	}
}
{Volume "recevier"
	{Box 1.20429 5.82697 1.39254}
	{Bone "recevier"}
	{Matrix34
		-0.00488972	-1.19987	-0.0171522
		1.19999	-0.00493351	0.00303901
		0.00311077	0.017138	-1.19987
		-0.0039416	-0.148052	-1.16399
	}
}
{Volume "shell_drop"
	{Cylinder 0.36 0.629519}
	{Bone "shell_drop"}
	{Matrix34
		-0.502011	-0.118489	0.00612668
		0.118637	-0.501663	0.0187722
		0.00164506	0.0196778	0.515465
		0.00463101	-0.00690587	-0.19659
	}
}
{Extender "preview"
	{"Stuff"
		{camera
			{origin 11.3907	-0.127245	-1.00536}
			{lookat -40.6064	7.43266	-8.50079}
			{fov 45}
			{horizon 100.768}
		}
		{lights
			{"0"
				{type point}
				{position -62.7116	34.9969	6.57867}
			}
			{"1"
				{type directional}
				{direction -0.452844	0.0626945	-0.202489}
			}
			{"2"
				{type point}
				{position -73.9499	-15.49	-19.4707}
			}
		}
	}
	{"Stuff_primary"
		{camera
			{origin 14.2838	-0.0148697	-1.70109}
			{lookat -39.9743	6.26449	-9.67194}
			{fov 45}
			{horizon 101.891}
		}
		{lights
			{"0"
				{type point}
				{position -60.2542	32.2383	-13.5743}
			}
			{"1"
				{type directional}
				{direction -0.456945	0.025808	-0.201334}
			}
			{"2"
				{type point}
				{position -71.703	-22.0113	-30.299}
			}
		}
	}
}
