;Exported by: Xpycmb
;Date:        Fri Apr  7 03:31:06 2023
;File:        C:\Users\Xpycmb\Documents\3ds Max 2020\scenes\mags_xm53.max
{Skeleton
	{bone "basis"
		{Orientation
			1	0	0
			0	-1	0
			0	0	1
		}
		{bone "handle"
			{Matrix34
				0	0	1
				0.996195	0.0871559	0
				-0.0871559	0.996195	0
				-0.255449	0.116422	-0.057819
			}
		}
		{bone "bullet"
			{Matrix34
				0	0	-1
				-0.996195	-0.0871561	0
				-0.087156	0.996195	0
				0.0934587	0.000795776	0
			}
			{VolumeView "bullet.ply"}
		}
	}
}
{Volume "magazine"
	{Box 1.3 0.5 1.54}
	{Bone "bullet"}
	{Matrix34
		0	1	0
		-1	0	0
		0	0	1
		0	0	0.52
	}
}
{Volume "select"
	{Box 6.74658 6.83496 4.07764}
	{Bone "basis"}
	{Matrix34
		0	0	1
		0.996195	0.0871558	0
		-0.0871558	0.996195	0
		0.0755354	0.00660852	-0.0446482
	}
}
{Extender "preview"
	{"Stuff"
		{camera
			{origin 0.540498	-1.52907	-3.69605}
			{lookat -2.77616	10.1253	24.5774}
			{fov 45}
			{horizon 23.0861}
		}
		{lights
			{"0"
				{type point}
				{position 19.4494	17.4384	38.958}
			}
			{"1"
				{type directional}
				{direction -0.0506756	0.0566788	0.494186}
			}
			{"2"
				{type point}
				{position -10.2602	3.47781	45.9549}
			}
		}
	}
	{"Stuff_primary"
		{camera
			{origin 3.17888	-1.1381	-5.46788}
			{lookat -12.6776	3.4449	21.9365}
			{fov 45}
			{horizon 80.45}
		}
		{lights
			{"0"
				{type point}
				{position 8.92792	4.65701	50.1022}
			}
			{"1"
				{type directional}
				{direction -0.278851	-0.060865	0.410533}
			}
			{"2"
				{type point}
				{position -21.8904	-1.64681	38.3971}
			}
		}
	}
}
