;Exported by: Xpycmb
;Date:        Fri Apr  7 22:40:53 2023
;File:        C:\Users\Xpycmb\Documents\3ds Max 2020\scenes\barn_01_base_high_side_end_02.max
{Skeleton
	{bone "basis"
		{Orientation
			1	0	0
			0	-1	0
			0	0	1
		}
		{bone "barn_01_base_high_side_end_02"
			{parameters "ID=Body;"}
			{Matrix34
				0	0.996195	-0.0871558
				0	0.0871558	0.996195
				1	0	0
				-423.694	0	93.7084
			}
			{VolumeView "barn_01_base_high_side_end_02.ply"}
		}
	}
}
{Obstacle "obs1"
	{Obb2
		{Center -416.593 0.982208}
		{Extent 2.44449 105.472}
		{Axis 1 0}
	}
	{Rotate}
}
{Volume "hole1"
	{Box 19.0681 10 25.3631}
	{Bone "basis"}
	{Matrix34
		0	-1	0
		1	0	0
		0	0	1
		-417.58	0.0332336	123.728
	}
}
{Volume "roof_steel_10_00"
	{Box 3.79931 16.9616 144.055}
	{Bone "barn_01_base_high_side_end_02"}
	{Matrix34
		-0.5	-0.866025	0
		0	0	1
		-0.866025	0.5	0
		53.4552	59.9605	-2.85465
	}
}
{Volume "roof_steel_10_01"
	{Box 3.79931 16.9616 144.055}
	{Bone "barn_01_base_high_side_end_02"}
	{Matrix34
		-0.642788	0.766044	0
		0	0	1
		0.766044	0.642788	0
		-62.1012	49.8506	-2.85455
	}
}
{Volume "wood10_00"
	{Polyhedron "wood10_00.vol"}
	{Bone "basis"}
	{Matrix34
		0	-1	0
		1	0	0
		0	0	1
		-418.773	0.0332336	92.3067
	}
}
