;Exported by: Xpycmb
;Date:        Tue Jan 21 19:24:27 2025
;File:        C:\Users\Xpycmb\Documents\3ds Max 2020\scenes\lynx_rpg.max
{Skeleton
	(include "anim_instance.inc")	
	{bone revolute "basis"
		{limits 0 -0}
		{speed 1}
		{Orientation
			1	0	0
			0	-1	0
			0	0	1
		}
		{bone "placement"
			{Position -0.0969043	0	0.0178957}
		}
		{bone "move"
			{parameters "Clear;"}
			{Position 0	0	0.827711}
			{bone "reference"
				{parameters "hkaSkeleton = Reference;hkaBone = 0;"}
				{Orientation
					0	-1	0
					-0.258819	0	0.965926
					-0.965926	0	-0.25882
				}
				{bone "ball"
					{parameters "hkaSkeleton = Reference;hkaBone = 33;"}
					{Matrix34
						-0.999998	-0.00138088	0.00138262
						-0.00138261	0.999998	-0.00138117
						-0.00138087	-0.00138241	-0.999998
						0	10.4125	0
					}
					{bone prizmatic "suspension_l1"
						{limits -0.02 0}
						{speed2 6}
						{Orientation
							-0.000978303	-0.257485	0.966282
							0.999998	0.00138187	0.00138075
							-0.0016911	0.966281	0.257484
						}
						{bone "turnl"
							{Matrix34
								1	0	0
								0	0	1
								0	-1	0
								0	0	0
							}
							{bone "turnl_run_start_stop"
								{Position 0	0	0}
								{bone "turnl_run"
									{bone "wheelsl"
										{parameters "wheelsL;"}
										{Position 0	0	0}
										{bone revolute "wheelr2"
											{parameters "ID=trackRight;Radius=0.557;"}
											{Matrix34
												1	0	0
												0	-1	0
												0	0	-1
												-0.0248318	-0.00669575	-0.0479274
											}
											{VolumeView "wheelr2.ply"}
										}
									}
								}
							}
						}
					}
					{bone prizmatic "suspension_r1"
						{limits -0.02 0}
						{speed2 6}
						{Orientation
							-0.000978303	-0.257485	0.966282
							0.999998	0.00138187	0.00138075
							-0.0016911	0.966281	0.257484
						}
						{bone "turnr"
							{Matrix34
								1	0	0
								0	0	1
								0	-1	0
								0	0	0
							}
							{bone "turnr_run_start_stop"
								{Position 0	0	0}
								{bone "turnr_run"
									{bone "wheelsr"
										{parameters "wheelsR;"}
										{Position 0	0	0}
										{bone revolute "wheell2"
											{parameters "ID=trackLeft;Radius=0.557;"}
											{Matrix34
												1	0	0
												0	-1	0
												0	0	-1
												-0.0248318	-0.00669575	-0.0479274
											}
											{VolumeView "wheell2.ply"}
										}
									}
								}
							}
						}
					}
				}
				{bone "hips_engine"
					{parameters "hkaSkeleton = Reference;hkaBone = 1;"}
					{Matrix34
						0.999998	-0.00120286	0.00154
						0.00153999	0.970261	-0.242057
						-0.00120285	0.242059	0.970261
						0	10.4124	4.48376e-05
					}
					{bone "hips_attack"
						{parameters "hkaSkeleton = Reference;hkaBone = 1;"}
						{bone "hips"
							{parameters "hkaSkeleton = Reference;hkaBone = 1;"}
							{bone "rightarm"
								{parameters "hkaSkeleton = Reference;hkaBone = 3;"}
								{Matrix34
									-0.555663	0.78623	0.270334
									-0.42483	0.0109976	-0.905206
									-0.714674	-0.617836	0.327903
									3.66574	2.2348	10.6306
								}
								{bone "brake_r"
									{parameters "ID=Body;"}
									{Matrix34
										0.554333	0.42659	0.714658
										0.261456	-0.904445	0.337075
										0.790162	0	-0.612898
										-11.2139	11.235	7.11656
									}
									{VolumeView "brake_r.ply"}
									{bone "brake_r_fx"
										{Matrix34
											0.72796	0.369778	-0.577355
											0.34874	0.525316	0.776159
											0.590301	-0.76636	0.253453
											-6.13099	8.64454	7.86908
										}
									}
								}
							}
							{bone "leftupleg"
								{parameters "hkaSkeleton = Reference;hkaBone = 4;"}
								{Matrix34
									0.998008	0.0630059	0.00306603
									0.0625743	-0.994976	0.0781441
									0.00797397	-0.0777962	-0.996937
									-8.79335	-0.595339	-13.9205
								}
								{bone "railing_l"
									{parameters "ID=Body;"}
									{Matrix34
										-0.00533008	-0.0609795	0.998125
										-0.9981	-0.0609483	-0.00905333
										0.0613862	-0.996276	-0.0605384
										-7.48972	5.31866	-14.0926
									}
									{VolumeView "railing_l.ply"}
								}
							}
							{bone "leftengine"
								{parameters "hkaSkeleton = Reference;hkaBone = 5;"}
								{Matrix34
									-0.00195792	0	0.999998
									0.00195414	0.999998	0
									-0.999996	0.00195402	-0.00195811
									-8.71149	10.2595	12.6171
								}
								{bone "left_engine"
									{parameters "ID=left_engine;"}
									{Matrix34
										0.99982	0.0188736	-0.00191841
										-0.00165804	-0.013791	-0.999904
										-0.0188986	0.999727	-0.0137573
										-0.30329	-0.688824	-0.149305
									}
									{VolumeView "left_engine.ply"}
								}
							}
							{bone revolute "turret_base_ik"
								{limits -60 60}
								{speed 0.1}
								{Matrix34
									-0.0165354	-0.0141855	-0.999763
									-0.999863	0.00027018	0.016533
									3.56167e-05	0.999899	-0.0141884
									-0.000283437	17.843	10.4981
								}
								{bone revolute "turret_aim_ik"
									{limits -20 65}
									{speed 0.1}
									{Matrix34
										0.975611	-0.0177835	0.218786
										-0.21876	0.00336922	0.975773
										-0.01809	-0.999836	-0.000603351
										1.69553	0.00263438	3.03427
									}
									{bone "weaponattach"
										{parameters "hkaSkeleton = Reference;hkaBone = 8;"}
										{Orientation
											-0.00190836	0.000215759	0.999998
											0.2162	0.976349	0.00020186
											-0.976347	0.2162	-0.0019098
										}
										{bone "foresight"
											{parameters "Voxels=0;"}
											{Matrix34
												-0.00463731	0.00149752	-0.999988
												-0.999986	-0.00240731	0.00463371
												-0.00240043	0.999996	0.00150837
												-0.0429369	0.0884914	-8.95393
											}
										}
										{bone "fx_main"
											{parameters "Voxels=0;"}
											{Matrix34
												-0.00463739	0.00149761	-0.999988
												-0.00240982	0.999996	0.00150852
												0.999986	0.00241669	-0.00463378
												-0.0429369	0.0884914	-8.95393
											}
										}
										{bone "gun"
											{parameters "ID=gun;"}
											{Matrix34
												-0.00463725	-0.00577637	-0.999973
												-0.999986	-0.00237737	0.00465099
												-0.00240421	0.999981	-0.00576537
												-0.000332065	0.137369	-0.000795364
											}
											{VolumeView "gun.ply"}
										}
									}
								}
								{bone "weapon_arm"
									{parameters "ID=Body;"}
									{Matrix34
										0.0165347	0.999863	-3.549e-05
										-0.999763	0.0165324	-0.0141899
										-0.014187	0.000270145	0.999899
										0.53575	-0.00851095	1.9095
									}
									{VolumeView "weapon_arm.ply"}
								}
							}
							{bone "rightengine"
								{parameters "hkaSkeleton = Reference;hkaBone = 9;"}
								{Matrix34
									0.000455775	0	1
									-0.00503393	0.999987	0
									-0.999987	-0.00503406	0.000455521
									8.53066	10.202	12.8482
								}
								{bone "right_engine"
									{parameters "ID=right_engine;"}
									{Matrix34
										0.99982	0.0188702	0.00198876
										0.00224947	-0.0137911	-0.999902
										-0.0188414	0.999727	-0.0138312
										-0.534123	-0.631771	-0.0256062
									}
									{VolumeView "right_engine.ply"}
								}
							}
							{bone "sawblade_hatch"
								{parameters "hkaSkeleton = Reference;hkaBone = 24;"}
								{Position 0	-3.44537	-13.136}
								{bone "front_hatch"
									{parameters "ID=front_hatch;"}
									{Matrix34
										0	0	-1
										-1	0	0
										0	1	0
										0	5.03256	-0.0822554
									}
									{VolumeView "front_hatch.ply"}
								}
							}
							{bone "rightupleg"
								{parameters "hkaSkeleton = Reference;hkaBone = 25;"}
								{Matrix34
									0.997831	-0.0657669	-0.00286673
									0.0653203	0.994579	-0.0809037
									0.00817218	0.0805406	0.996718
									8.7958	-0.595382	-13.9205
								}
								{bone "railing_r"
									{parameters "ID=Body;"}
									{Matrix34
										0.00283171	0.0635953	-0.997972
										-0.997731	-0.0669482	-0.00709748
										-0.0672637	0.995728	0.063261
										7.80528	-5.27479	14.079
									}
									{VolumeView "railing_r.ply"}
								}
							}
							{bone "leftarm"
								{parameters "hkaSkeleton = Reference;hkaBone = 26;"}
								{Matrix34
									-0.553214	-0.787874	-0.270572
									-0.427371	-0.0103754	0.904017
									-0.715059	0.615749	-0.330975
									-3.66327	2.23482	10.6306
								}
								{bone "brake_l"
									{parameters "ID=Body;"}
									{Matrix34
										0.554333	0.42659	0.714658
										-0.261456	0.904445	-0.337075
										-0.790162	0	0.612898
										11.2125	-11.2361	-7.11832
									}
									{VolumeView "brake_l.ply"}
									{bone "brake_l_fx"
										{Matrix34
											0.737678	-0.360895	0.570602
											-0.346939	0.522398	0.778931
											-0.579194	-0.772564	0.260153
											6.20196	8.60363	7.90839
										}
									}
								}
							}
							{bone "hitmid"
								{parameters "hkaSkeleton = Reference;hkaBone = 27;"}
								{Position 0.0012295	10.6728	-6.64007}
							}
							{bone "hitfront01"
								{parameters "hkaSkeleton = Reference;hkaBone = 28;"}
								{Position 0.00122851	3.70505	-12.1403}
							}
							{bone "hitfront02"
								{parameters "hkaSkeleton = Reference;hkaBone = 29;"}
								{Position 0.00122821	-1.00709	-12.1394}
							}
							{bone "hitbackleft"
								{parameters "hkaSkeleton = Reference;hkaBone = 30;"}
								{Position -6.82377	2.99221	13.1527}
							}
							{bone "hitbackright"
								{parameters "hkaSkeleton = Reference;hkaBone = 31;"}
								{Position 6.82623	2.99222	13.1527}
							}
							{bone "hittop"
								{parameters "hkaSkeleton = Reference;hkaBone = 32;"}
								{Position 0.00123139	15.7086	9.44819}
							}
							{bone "body"
								{parameters "ID=main_body;"}
								{Matrix34
									-1	0	0
									0	0	1
									0	1	0
									0.00123067	-10.85	-0.00299692
								}
								{VolumeView "body.ply"}
								{bone "cpu"
									{parameters "ID=cpu;"}
									{Matrix34
										0.999998	0.00120286	-0.00153964
										-0.0011761	0.999849	0.0173132
										0.0015602	-0.0173115	0.999849
										0.00947799	8.42392	22.7841
									}
									{VolumeView "cpu.ply"}
								}
								{bone "hydraulic"
									{parameters "ID=hydraulic;"}
									{Matrix34
										0	0.999822	0.0188719
										-0.999876	0.000300177	-0.0157455
										-0.0157484	-0.0188699	0.999698
										0	13.2562	18.6558
									}
									{VolumeView "hydraulic.ply"}
								}
								{bone "burn_fx"
									{Matrix34
										0.0011761	-0.999849	-0.0173131
										0.999998	0.00120281	-0.00153999
										0.00156051	-0.0173115	0.999849
										-0.796683	7.533	26.1067
									}
								}
							}
							{bone "sideplate_left"
								{parameters "ID=sideplate_left;"}
								{Matrix34
									9.19664e-05	-0.693637	0.720325
									0.999875	-0.0113066	-0.0110152
									0.0157852	0.720237	0.693549
									-8.59733	6.92143	13.9716
								}
								{VolumeView "sideplate_left.ply"}
							}
							{bone "sideplate_right"
								{parameters "ID=sideplate_right;"}
								{Matrix34
									9.19664e-05	-0.693637	0.720325
									0.999875	-0.0113066	-0.0110152
									0.0157852	0.720237	0.693549
									8.59976	6.92136	13.9715
								}
								{VolumeView "sideplate_right.ply"}
							}
							{bone "sidearmor_00_rus_r"
								{parameters "ID=sidearmor_00_rus_r;"}
								{Matrix34
									0.000136391	0.858042	-0.513579
									-0.999821	-0.00961274	-0.0163256
									-0.0189447	0.513489	0.857887
									8.53188	13.6278	1.27099
								}
								{VolumeView "sidearmor_00_rus_r.ply"}
							}
							{bone "sidearmor_00_rus_l"
								{parameters "ID=sidearmor_00_rus_l;"}
								{Matrix34
									0.000136391	0.858042	-0.513579
									-0.999821	-0.00961274	-0.0163256
									-0.0189447	0.513489	0.857887
									-8.53304	13.6152	1.28126
								}
								{VolumeView "sidearmor_00_rus_l.ply"}
							}
							{bone "railing_b_armor"
								{parameters "ID=railing_b_armor;"}
								{Matrix34
									-1	0	0
									0	0	1
									0	1	0
									0.00123113	1.37224	15.6129
								}
								{VolumeView "railing_b_armor.ply"}
							}
							{bone "fuel"
								{parameters "ID=Fuel;"}
								{Matrix34
									0	0.0188717	0.999822
									0.999876	-0.0157451	0.000299797
									0.0157481	0.999698	-0.0188698
									-3.22841	3.28004	13.3515
								}
								{VolumeView "fuel.ply"}
							}
							{bone "sidearmor_03_rus_r"
								{parameters "ID=sidearmor_03_rus_r;"}
								{Matrix34
									0.999995	0.00312028	-5.37416e-05
									5.40486e-05	-0.0346178	-0.999401
									-0.00312022	0.999396	-0.0346179
									13.273	11.2442	6.93038
								}
								{VolumeView "sidearmor_03_rus_r.ply"}
							}
							{bone "sidearmor_03_rus_l"
								{parameters "ID=sidearmor_03_rus_l;"}
								{Matrix34
									-1	0	0
									0	0	1
									0	1	0
									-13.2709	11.2444	6.93018
								}
								{VolumeView "sidearmor_03_rus_l.ply"}
							}
							{bone revolute "head_ik_h"
								{limits -10 10}
								{speed 0.1}
								{Matrix34
									-0.999998	-0.00154008	0.00120261
									0.00127768	-0.0495767	0.99877
									-0.00147843	0.998769	0.0495783
									0.000162235	9.8473	-11.3936
								}
								{bone revolute "head_ik_v"
									{limits -25 25}
									{speed 0.1}
									{Orientation
										0	0	1
										0	1	0
										-1	0	0
									}
									{bone "head"
										{parameters "hkaSkeleton = Reference;hkaBone = 2;"}
										{Matrix34
											-0.894089	-0.447884	-0.00228211
											0.447884	-0.894091	0.000909929
											-0.00244782	-0.000208388	0.999997
											-0.0928364	-0.0467501	-0.000240253
										}
										{bone "head_sm"
											{parameters "ID=Head;"}
											{Matrix34
												0	0	-1
												0.643306	-0.765609	0
												-0.765609	-0.643306	0
												-0.103945	-0.000217438	0
											}
											{VolumeView "head_sm.ply"}
											{bone "organ_head"
												{parameters "ID=head_organ;"}
												{Matrix34
													1	0	0
													0	0.334125	0.942529
													0	-0.942529	0.334125
													0.0476357	0.00782204	0.125929
												}
												{VolumeView "organ_head.ply"}
											}
											{bone "head_ems_00_hold"
												{parameters "ID=Head;"}
												{Matrix34
													0	-0.41721	-0.90881
													0.999997	0.00220817	-0.0010072
													0.00242654	-0.908807	0.417209
													0.00265074	-0.566399	-0.945206
												}
												{VolumeView "head_ems_00_hold.ply"}
											}
											{bone "head_ems_00_search"
												{parameters "ID=Head;"}
												{Matrix34
													0	-0.41721	-0.90881
													0.999997	0.00220817	-0.0010072
													0.00242654	-0.908807	0.417209
													0.00264702	-0.569731	-0.954602
												}
												{visibility 0}
												{VolumeView "head_ems_00_search.ply"}
											}
											{bone "head_ems_00_alarm"
												{parameters "ID=Head;"}
												{Matrix34
													0	-0.41721	-0.90881
													0.999997	0.00220817	-0.0010072
													0.00242654	-0.908807	0.417209
													0.00264237	-0.573938	-0.966458
												}
												{visibility 0}
												{VolumeView "head_ems_00_alarm.ply"}
											}
										}
										{bone "visor_head_bone"
											{Matrix34
												0.506661	0.862145	0.000371235
												0.00228201	-0.000910333	-0.999997
												-0.862142	0.506661	-0.00242855
												0.309443	1.07944	-0.0362545
											}
										}
										{bone "visor_head_bone_support"
											{Matrix34
												0.506661	0.862145	0.000371235
												0.00228201	-0.000910333	-0.999997
												-0.862142	0.506661	-0.00242855
												0.309443	1.07944	-0.0362545
											}
										}
									}
								}
							}
							{bone "sidearmor_01_rus_l"
								{parameters "ID=sidearmor_01_rus_l;"}
								{Matrix34
									7.72426e-05	0.486297	-0.873793
									-0.999822	-0.0164664	-0.00925261
									-0.0188875	0.873639	0.486209
									-8.52894	11.0247	-1.33921
								}
								{VolumeView "sidearmor_01_rus_l.ply"}
							}
							{bone "sidearmor_01_rus_r"
								{parameters "ID=sidearmor_01_rus_r;"}
								{Matrix34
									7.72426e-05	0.486297	-0.873793
									-0.999822	-0.0164664	-0.00925261
									-0.0188875	0.873639	0.486209
									8.53599	11.0373	-1.34986
								}
								{VolumeView "sidearmor_01_rus_r.ply"}
							}
							{bone "sawblade_mount_link"
								{Matrix34
									-0.999998	-0.00154004	0.00120235
									0.00117593	0.0173299	0.999849
									-0.00156061	0.999849	-0.0173285
									0.0392351	7.47421	-10.3899
								}
								{bone "sawblade_mount"
									{Matrix34
										1	0	0
										0	0.753865	0.65703
										0	-0.65703	0.753865
										0	-1.30202	0.223284
									}
									{bone "saw_blade"
										{parameters "CommonMesh;ID=main_body;"}
										{Matrix34
											0.999991	0.00427789	-0.000559375
											-0.0042282	0.997553	0.0697818
											0.000856704	-0.0697778	0.997562
											-0.0280481	2.42383	-0.0414104
										}
										{VolumeView "saw_blade.ply"}
									}
									{bone "sawblade_rot"
										{Position -0.00711477	-6.34967	-5.80603}
										{bone "sawblade_11"
											{Position 0	0	0}
											{bone "sawblade_10"
												{Matrix34
													1	0	0
													0	0.866025	-0.5
													0	0.5	0.866025
													0	0	0
												}
												{bone "sawblade_09"
													{Matrix34
														1	0	0
														0	0.866025	-0.5
														0	0.5	0.866026
														0	0	0
													}
													{bone "sawblade_08"
														{Matrix34
															1	0	0
															0	0.866025	-0.5
															0	0.5	0.866026
															0	0	0
														}
														{bone "sawblade_07"
															{Matrix34
																1	0	0
																0	0.866026	-0.5
																0	0.5	0.866025
																0	0	0
															}
															{bone "sawblade_06"
																{Matrix34
																	1	0	0
																	0	0.866026	-0.5
																	0	0.5	0.866025
																	0	0	0
																}
																{bone "sawblade_05"
																	{Matrix34
																		1	0	0
																		0	0.866026	-0.5
																		0	0.5	0.866026
																		0	0	0
																	}
																	{bone "sawblade_04"
																		{Orientation
																			1	0	0
																			0	0.866025	-0.5
																			0	0.5	0.866026
																		}
																		{bone "sawblade_03"
																			{Matrix34
																				1	0	0
																				0	0.866025	-0.5
																				0	0.5	0.866026
																				0	0	0
																			}
																			{bone "sawblade_02"
																				{Matrix34
																					1	0	0
																					0	0.866026	-0.5
																					0	0.5	0.866026
																					0	0	0
																				}
																				{bone "sawblade_01"
																					{Orientation
																						1	0	0
																						0	0.866026	-0.5
																						0	0.5	0.866025
																					}
																					{bone "sawblade_00"
																						{Matrix34
																							1	0	0
																							0	0.866026	-0.5
																							0	0.5	0.866025
																							0	0	0
																						}
																					}
																				}
																			}
																		}
																	}
																}
															}
														}
													}
												}
											}
										}
										{bone "blade_fx"
											{Orientation
												0	0.657043	0.753854
												0	0.753853	-0.657043
												-1	0	0
											}
										}
									}
								}
							}
						}
					}
				}
				{bone revolute "h_saw"
					{limits -10 10}
					{speed 1}
					{Matrix34
						0	-0.258819	-0.965926
						-1	0	0
						0	0.965926	-0.25882
						0	9.11637	-13.8475
					}
					{bone revolute "v_saw"
						{limits -25 25}
						{speed 1}
						{Orientation
							1	0	0
							0	0	1
							0	-1	0
						}
						{bone "signal_saw"
							{Position 0	0	0}
						}
					}
				}
			}
		}
		{bone "health"
			{Matrix34
				0	1	0
				-1	0	0
				0	0	1
				0	0	0.827711
			}
		}
		{bone revolute "h_signal"
			{limits -120 120}
			{speed 1}
			{Position -3.66711	0	38.1838}
			{bone revolute "v_signal"
				{limits -25 25}
				{speed 1}
				{Orientation
					1	0	0
					0	0	1
					0	-1	0
				}
				{bone "signal"
					{Position 0	0	0}
				}
				{bone "visor_all"
					{Position 0	2.70197	0}
				}
			}
		}
		{bone "fxtracel1"
			{Matrix34
				0	1	0
				-1	0	0
				0	0	1
				-0.00037384	-0.333148	0.00554371
			}
		}
		{bone "trackr"
			{Matrix34
				0	1	0
				-1	0	0
				0	0	1
				-0.000374079	0.465825	0.00554276
			}
		}
		{bone "fxtracer1"
			{Matrix34
				0	1	0
				-1	0	0
				0	0	1
				-0.000374079	0.465825	0.00554276
			}
		}
		{bone "trackl"
			{Matrix34
				0	1	0
				-1	0	0
				0	0	1
				-0.00037384	-0.333148	0.00554371
			}
		}
		{bone "helpers"
			{Matrix34
				0	1	0
				-1	0	0
				0	0	1
				0	0	1.51337
			}
			{visibility 0}
			{VolumeView "helpers.ply"}
		}
	}
}
{Obstacle "obs1"
	{Obb2
		{Center -3.3935 -0}
		{Extent 19.685 19.685}
		{Axis 1 0}
	}
	{Rotate}
}
{Volume "body"
	{Polyhedron "body.vol"}
	{Bone "body"}
	{Matrix34
		0.0011762	-0.999849	-0.0173129
		0.999998	0.00120268	-0.00153993
		0.00156058	-0.0173116	0.999849
		0.028492	-4.8563	14.7104
	}
}
{Volume "body2"
	{Polyhedron "body2.vol"}
	{Bone "body"}
	{Matrix34
		0.0011762	-0.999849	-0.0173129
		0.999998	0.00120268	-0.00153993
		0.00156058	-0.0173116	0.999849
		0.024408	5.57601	20.2063
	}
}
{Volume "body3"
	{Box 4.69254 7.97473 3.00501}
	{Bone "body"}
	{Matrix34
		0.999998	0.00120269	-0.00153987
		-0.00117602	0.999849	0.017313
		0.0015604	-0.0173117	0.999849
		-0.0040108	9.24762	26.2865
	}
}
{Volume "cpu"
	{Box 3.93047 5.77695 4.89597}
	{Bone "cpu"}
	{Position 0	-0.0518167	0.112618}
}
{Volume "front_hatch"
	{Box 2.25156 0.5 10.0179}
	{Bone "front_hatch"}
	{Matrix34
		-0.00120279	0.999998	-0.00153979
		-0.99985	-0.00117586	0.0173132
		0.0173116	0.00156038	0.999849
		0.0973175	0.000444207	0.212295
	}
}
{Volume "fuel"
	{Cylinder 1.2836 3.42853}
	{Bone "fuel"}
	{Matrix34
		0.00156065	-0.0173085	0.999849
		0.999998	0.00120533	-0.00154007
		-0.00117834	0.999849	0.0173104
		-0.000166095	-0.00214154	-0.241537
	}
}
{Volume "ground"
	{Box 29.5276 29.5276 0.393701}
	{Bone "helpers"}
	{Position 0	2.84068	-1.31652}
}
{Volume "head"
	{Sphere 1.29045}
	{Bone "head_sm"}
	{Orientation
		0.999997	-0.000371316	-0.00242833
		0.000371565	1	0
		0.00242854	0	0.999997
	}
}
{Volume "hydraulic"
	{Box 7.11768 1.37795 5.86405}
	{Bone "hydraulic"}
	{Matrix34
		0.00117649	-0.99985	-0.0173105
		0.999998	0.00120331	-0.00154058
		0.00156079	-0.0173085	0.999849
		-0.575152	0.000198272	-0.0506017
	}
}
{Volume "left_engine"
	{Box 4.50278 4.55793 8.54199}
	{Bone "left_engine"}
	{Matrix34
		0.00117598	-0.999849	-0.0173103
		0.999998	0.00120285	-0.00153978
		0.00156078	-0.0173084	0.999849
		-0.757023	-0.0391102	0.59995
	}
}
{Volume "organ_head"
	{Box 0.675102 0.695337 0.552212}
	{Bone "organ_head"}
	{Matrix34
		0.999997	0.00216491	-0.00116169
		-0.00216488	0.999998	0
		0.00116149	0	0.999999
		-0.0481201	0.100776	-0.0942881
	}
}
{Volume "railing_b_armor"
	{Cylinder 1.2836 12.0465}
	{Bone "railing_b_armor"}
	{Matrix34
		0.00156054	-0.0173113	0.999849
		-0.00117764	0.99985	0.0173132
		-0.999998	-0.00120446	0.00153997
		0.0011763	-1.12128e-05	0
	}
}
{Volume "railing_l"
	{Polyhedron "railing_l.vol"}
	{Bone "railing_l"}
	{Position -0.186485	-3.82131	3.37222}
}
{Volume "railing_r"
	{Polyhedron "railing_r.vol"}
	{Bone "railing_r"}
	{Position -0.152632	4.11084	3.38086}
}
{Volume "right_engine"
	{Box 4.50278 4.55793 8.54199}
	{Bone "right_engine"}
	{Matrix34
		0.00117593	-0.99985	-0.0173103
		0.999998	0.00120292	-0.00153982
		0.00156057	-0.0173084	0.999849
		-0.777137	-0.0117731	0.627172
	}
}
{Volume "sawblade"
	{Cylinder 4.9242 2.46943}
	{Bone "sawblade_rot"}
	{Matrix34
		0	-0.560248	0.828325
		0	0.828324	0.56025
		-1	0	0
		0.0200492	0	0
	}
}
{Volume "sidearmor_00_rus_l"
	{Box 3.54331 1.08511 3.53576}
	{Bone "sidearmor_00_rus_l"}
	{Matrix34
		-0.00207554	0.999814	0.0191857
		-0.999997	-0.00210499	0.00152236
		0.00156096	-0.0191826	0.999815
		0.051652	-0.00224782	-0.0476675
	}
}
{Volume "sidearmor_00_rus_r"
	{Box 3.54331 1.08511 3.53576}
	{Bone "sidearmor_00_rus_r"}
	{Matrix34
		-0.0020757	0.999814	0.0191857
		-0.999997	-0.00210502	0.00152278
		0.00156075	-0.0191827	0.999815
		0.0684687	0.0721359	-0.0480337
	}
}
{Volume "sidearmor_01_rus_l"
	{Box 3.54331 1.08511 3.53576}
	{Bone "sidearmor_01_rus_l"}
	{Matrix34
		-0.0018771	0.999834	0.0181269
		-0.996056	-0.00347757	0.0886619
		0.0887107	-0.0178891	0.995897
		0.0182586	-0.00115968	0.0658896
	}
}
{Volume "sidearmor_01_rus_r"
	{Box 3.54331 1.08511 3.53576}
	{Bone "sidearmor_01_rus_r"}
	{Matrix34
		-0.0018771	0.999834	0.0181269
		-0.996056	-0.00347757	0.0886619
		0.0887107	-0.0178891	0.995897
		0.0333701	0.0730505	0.0743314
	}
}
{Volume "sidearmor_03_rus_l"
	{Box 1.05727 6.72544 3.45521}
	{Bone "sidearmor_03_rus_l"}
	{Position 0	0	0}
}
{Volume "sidearmor_03_rus_r"
	{Box 1.05727 6.72544 3.45521}
	{Bone "sidearmor_03_rus_r"}
	{Matrix34
		0.999999	1.33065e-05	0.00153959
		1.32626e-05	0.99985	-0.0173138
		-0.00153982	0.0173132	0.999849
		0	0	0
	}
}
{Volume "sideplate_left"
	{Box 5.43485 5.02418 1.51352}
	{Bone "sideplate_left"}
	{Matrix34
		0.00184262	-0.999869	-0.0160601
		0.260325	-0.0150267	0.965404
		-0.96552	-0.0059596	0.260263
		-0.229054	0.0744142	-0.239
	}
}
{Volume "sideplate_right"
	{Box 5.43485 5.02418 1.51352}
	{Bone "sideplate_right"}
	{Matrix34
		0.00184257	-0.999869	-0.0160601
		0.260325	-0.0150267	0.965404
		-0.965519	-0.00595964	0.260263
		-0.262168	0.00329961	-0.235288
	}
}
{Volume "wheell2"
	{Polyhedron "wheell2.vol"}
	{Bone "wheell2"}
	{Matrix34
		0	0	1
		-1	0	0
		0	-1	0
		0	0	0
	}
}
{Volume "wheelr2"
	{Polyhedron "wheelr2.vol"}
	{Bone "wheelr2"}
	{Matrix34
		0	0	1
		-1	0	0
		0	-1	0
		0	0	0
	}
}
