;Exported by: Xpycmb
;Date:        Wed Sep 11 13:38:28 2024
;File:        C:\Users\Xpycmb\Documents\3dsMax\scene\m47_cluster_ammo.max
{Skeleton
	{bone "basis"
		{Orientation
			1	0	0
			0	-1	0
			0	0	1
		}
		{bone "handle"
			{Matrix34
				0	0	1
				0.996195	0.0871559	0
				-0.0871559	0.996195	0
				-0.255449	0.116422	-0.057819
			}
		}
		{bone "projectile"
			{Orientation
				-0.996195	-0.0871559	0
				0	0	1
				-0.0871559	0.996195	0
			}
			{VolumeView "projectile.ply"}
		}
	}
}
{Volume "body"
	{Cylinder 0.197372 1.18345}
	{Bone "projectile"}
	{Matrix34
		0	0	-1
		0	1	0
		1	0	0
		0.00349396	0	0
	}
}
{Volume "select"
	{Box 4 4 4}
	{Bone "basis"}
	{Orientation
		0	0	1
		0.996195	0.0871558	0
		-0.0871558	0.996195	0
	}
}
{Extender "preview"
	{"Stuff"
		{camera
			{origin 0.203594	-0.761401	2.87841}
			{lookat -1.44313	8.14847	-26.5174}
			{fov 45}
			{horizon 164.388}
		}
		{lights
			{"0"
				{type point}
				{position -13.747	23.1764	-35.4964}
			}
			{"1"
				{type directional}
				{direction -0.0369007	0.00954522	-0.498545}
			}
			{"2"
				{type point}
				{position 14.1737	7.94847	-46.223}
			}
		}
	}
	{"Stuff_primary"
		{camera
			{origin 0.141379	-0.641125	5.14538}
			{lookat -2.10627	4.01835	-26.4247}
			{fov 45}
			{horizon 148.922}
		}
		{lights
			{"0"
				{type point}
				{position -15.0001	11.4533	-38.1829}
			}
			{"1"
				{type directional}
				{direction -0.0325131	-0.0643784	-0.494771}
			}
			{"2"
				{type point}
				{position 14.3161	-2.47649	-46.7291}
			}
		}
	}
}
