;Exported by: Xpycmb
;Date:        Sat Oct 15 13:07:39 2022
;File:        C:\Users\Xpycmb\Documents\3ds Max 2020\scenes\skirmisher_base_rebuild2.max
{Skeleton
	{animation
		{sequence "power_up_spawn"
			{file "power_up.anm"}
			{resume}
			{events 
				{1 "power_down_start_spawn"}
				{5 "restart_clunk"}
				{10 "restart_clunk"}
				{20 "restart_clunk"}
				{30 "restart_clunk"}
				{40 "restart_clunk"}
				{60 "restart_clunk"}
				{70 "restart_clunk"}
				{80 "restart_clunk"}
				{90 "power_down_leave"}
			}
		}
		{sequence "power_down"
			{speed 0.5}
			{events 
				{1 "power_down_start"}
				{5 "restart_clunk"}
				{10 "restart_clunk"}
				{20 "restart_clunk"}
				{30 "restart_clunk"}
				{40 "restart_clunk"}
				{60 "restart_clunk"}
				{70 "restart_clunk"}
				{80 "restart_clunk"}
				{90 "restart_clunk"}
			}
			{resume}
		}
		{sequence "power_up"
			{resume}
			{events 
				{1 "power_down_check"}
				{5 "restart_clunk"}
				{10 "restart_clunk"}
				{20 "restart_clunk"}
				{30 "restart_clunk"}
				{40 "restart_clunk"}
				{60 "restart_clunk"}
				{70 "restart_clunk"}
				{80 "restart_clunk"}
				{90 "power_down_leave"}
			}
		}
		{sequence "walkstart_f" 
			{speed 0.7}
			{resume}	
			{events 
				{1 "idle_exit"}
				{6 "joint_med_in"}
				{13 "foot_skirmisher_r_back"}
				{14 "foot_skirmisher_l_front"}
				{18 "joint_med_out"}
				{24 "joint_med_in"}
				{27 "foot_skirmisher_r_front"}
				{29 "foot_skirmisher_l_back"}
				{43 "foot_skirmisher_l"}
				{44 "walkstart_f"}
			}
		}
		{sequence "walkloop_fwd" 
			{resume}	
			{events 
				{2 "idle_exit"}
				{4 "joint_med_in"}
				{8 "joint_med_out"}
				{12 "joint_med_in"}
				{15 "joint_med_out"}
				{16 "foot_skirmisher_r_front"}
				{17 "foot_skirmisher_l_back"}
				{20 "joint_med_in"}
				{24 "joint_med_out"}
				{27 "foot_skirmisher_r_back"}
				{28 "foot_skirmisher_l_front"}
				{26 "joint_med_in"}				
				{29 "walkloop_f"}
				
			}
		}
		{sequence "walkstop_f"
			{resume} 
			{events 	
				{4 "joint_med_in"}
				{14 "joint_med_in"}
				{16 "foot_skirmisher_r_front"}
				{17 "foot_skirmisher_l_back"}
				{18 "joint_med_out"}				
				{24 "joint_med_out"}			
				{25 "foot_skirmisher_l_front"}
				{26 "joint_med_out"}
				{29 "idle_enter"}
				{30 "foot_skirmisher_r_back"}
			}
		}
		{sequence "run_swing_to_walk"
			{resume}	
			{events 
				{1 "idle_exit"}
				{2 "joint_med_in"}
				{3 "joint_med_out"}
				{5 "joint_med_in"}
				{6 "foot_skirmisher_r_front"}
				{9 "joint_med_out"}
				{10 "foot_skirmisher_l_back"}
				;{11 "joint_med_in"}
				{12 "joint_med_out"}
				{16 "foot_skirmisher_r_back"}
				;{11 "foot_skirmisher"}
				{13 "run_swing_to_walk"}
			}
		}

		{sequence "run_pass_to_walk" 
			{resume}	
			{events 
				{1 "idle_exit"}
				{2 "joint_med_in"}
				{3 "joint_med_out"}
				{5 "joint_med_in"}
				{6 "foot_skirmisher_r_back"}
				{7 "joint_med_out"}
				{9 "joint_med_in"}
				{10 "foot_skirmisher_r_front"}
				{11 "joint_med_out"}
				{12 "foot_skirmisher"}
				{14 "run_pass_to_walk"}
			}
		}

		{sequence "runstart_f" 
			{resume}	
			{events 
				{1 "idle_exit"}
				{2 "joint_med_in"}
				{3 "joint_med_out"}
				{5 "joint_med_in"}
				{8 "foot_skirmisher"}
				{9 "joint_med_out"}
				{10 "joint_med_in"}
				{11 "foot_skirmisher"}
				;{12 "joint_med_out"}
				{12 "foot_skirmisher"}
				{13 "runstart_f"}
				;{14 "joint_med_in"}
			}
		}
		{sequence "runloop_fwd" 
			{resume}
			{events 
				{1 "idle_exit"}				
				{2 "foot_skirmisher_lf_run"}
				{4 "joint_med_in"}
				{5 "foot_skirmisher_rf_run"}
				{10 "foot_skirmisher_lb_run"}
				{14 "foot_skirmisher_rb_run"}			
				{18 "joint_med_out"}
				{19 "runloop_f"}
			}
		}
		{sequence "runstop_f" 
			{resume} 
			{events 	
				{3 "joint_med_in"}
				{4 "foot_skirmisher"}
				{6 "foot_skirmisher"}
				{11 "foot_skirmisher"}
				{12 "joint_med_in"}
				{14 "foot_skirmisher"}
				{19 "joint_med_in"}
				{20 "foot_skirmisher"}
				{23 "joint_med_out"}
				{24 "foot_skirmisher"}
				{30 "foot_skirmisher"}
				{32 "joint_med_out"}
				{36 "foot_skirmisher"}
				{39 "joint_med_out"}
				{40 "idle_enter"}
			}
		}
		{sequence "step_l_045" 	
			{resume} 
			{events 	
				{1 "idle_exit"}	
				{6 "joint_med_out"}
				{8 "foot_skirmisher_lf"}
				{14 "foot_skirmisher_rf"}
				{16 "joint_med_in"}
				{19 "update_turn_left"}
				{20 "idle_enter"}
			}
		}
		{sequence "step_l_090" 	
			{resume} 
			{events	
				{1 "idle_exit"} 				
				{6 "joint_med_in"}
				{10 "foot_skirmisher_lf"}
				{14 "foot_skirmisher_rf"}
				{16 "joint_med_out"}
				{19 "update_turn_left"}
				;{20 "foot_skirmisher_lb"}
				{20 "idle_enter"}
			}
		}
		{sequence "step_r_045" 	
			{resume} 
			{events	
				{1 "idle_exit"} 
				{6 "joint_med_out"}
				{8 "foot_skirmisher_rf"}
				{14 "foot_skirmisher_lf"}
				{16 "joint_med_in"}
				{19 "update_turn_right"}
				{20 "idle_enter"}
			}
		}
		{sequence "step_r_090" 
			{resume} 
			{events 	
				{1 "idle_exit"} 
				{6 "joint_med_in"}
				{10 "foot_skirmisher_rf"}
				{14 "foot_skirmisher_lf"}
				{16 "joint_med_out"}
				{19 "update_turn_right"}
				;{20 "foot_skirmisher_rb"}
				{20 "idle_enter"}
			}
		}
		{sequence "idle_loop_var_01" 
			{events 	
				{1 "play_idle"}
				{5 "idle_rand"}				
				{10 "idle_rand"}				
				{15 "idle_rand"}				
				{20 "idle_rand"}				
				{25 "idle_rand"}				
				{30 "idle_rand"}				
				{35 "idle_rand"}				
				{40 "idle_rand"}				
				{45 "idle_rand"}				
				{55 "leave_idle"}
			}
			{resume}
		}
		{sequence "idle_loop_var_02"
			{events 	
				{1 "play_idle"}
				{5 "idle_rand"}				
				{10 "idle_rand"}				
				{15 "idle_rand"}				
				{20 "idle_rand"}				
				{25 "idle_rand"}				
				{30 "idle_rand"}				
				{35 "idle_rand"}				
				{40 "leave_idle"}
			}
			{resume}
		}
		{sequence "idle_loop_var_03"
			{events 	
				{1 "play_idle"}
				{5 "idle_rand"}				
				{10 "idle_rand"}				
				{15 "idle_rand"}				
				{20 "idle_rand"}				
				{25 "idle_rand"}				
				{30 "idle_rand"}				
				{35 "idle_rand"}				
				{40 "idle_rand"}				
				{45 "idle_rand"}				
				{50 "idle_rand"}				
				{55 "idle_rand"}				
				{60 "idle_rand"}				
				{65 "idle_rand"}				
				{70 "idle_rand"}				
				{75 "idle_rand"}				
				{80 "idle_rand"}				
				{85 "idle_rand"}				
				{90 "leave_idle"}
			}
			{resume}
		}
		{sequence "idle_loop_var_04_left" 
			{events 	
				{1 "play_idle"}
				{2 "play_idle_left"}
				{5 "idle_rand"}				
				{10 "joint_idle"}		;поворот		
				{15 "idle_rand"}				
				{20 "idle_rand"}				
				{25 "search_idle"}				
				{30 "idle_rand"}				
				{35 "joint_idle"}		;доворот		
				{40 "idle_rand"}				
				{45 "idle_rand"}				
				{50 "idle_rand"}				
				{55 "search_idle"}				
				{60 "idle_rand"}				
				{65 "idle_rand"}				
				{70 "idle_rand"}				
				{75 "idle_rand"}				
				{80 "idle_rand"}				
				{85 "search_idle"}				
				{90 "joint_idle"}		;поворот		
				{98 "search_idle"}				
				{100 "idle_rand"}				
				{105 "joint_idle"}	;доворот			
				{110 "idle_rand"}				
				{119 "play_idle_left"}
				{120 "leave_idle"}
			}
			{resume}
		}
		{sequence "idle_loop_var_04_right" 
			{events 	
				{1 "play_idle"}
				{2 "play_idle_right"}
				{5 "idle_rand"}				
				{10 "joint_idle"}		;поворот		
				{15 "idle_rand"}				
				{20 "idle_rand"}				
				{25 "search_idle"}				
				{30 "idle_rand"}				
				{35 "joint_idle"}		;доворот		
				{40 "idle_rand"}				
				{45 "idle_rand"}				
				{50 "idle_rand"}				
				{55 "search_idle"}				
				{60 "idle_rand"}				
				{65 "idle_rand"}				
				{70 "idle_rand"}				
				{75 "idle_rand"}				
				{80 "idle_rand"}				
				{85 "search_idle"}				
				{90 "joint_idle"}		;поворот		
				{98 "search_idle"}				
				{100 "idle_rand"}				
				{105 "joint_idle"}	;доворот			
				{110 "idle_rand"}				
				{119 "play_idle_right"}
				{120 "leave_idle"}
			}
			{resume}
		}
		{sequence "idle_shuffle_l_fwd" {resume}}
		{sequence "idle_shuffle_r" {resume}}
		{sequence "idle_shuffle_r_fwd" {resume}}
		{sequence "idle_shuffle_l" {resume}}
		{sequence "idle_to_scan" {resume}}
		{sequence "scan_wide_loop" {resume}}
		{sequence "scan_narrow_loop" {resume}}
		{sequence "scan_to_idle" {resume}}
		{sequence "wpn_idle_to_combat"
			{resume}
			{events 
				{1 "wpn_idle_to_combat"}
			}
		}
		{sequence "wpn_combat_to_idle" 
			{resume}
			{events 
				{1 "wpn_combat_to_idle"}
			}
		}
		{sequence "wpn_recoil" 
			{events 
				{1 "bullet_drop_view"}
				{2 "open_bolt_lmg"}
				{3 "clear_casing_556_45"}
			}
			{resume}
		}
		{sequence "attack_melee_charge_01" 
			{movement}	
			{resume}
			{events 
				{1 "idle_exit"}				
				{2 "foot_skirmisher_lf_run"}
				{4 "joint_med_in"}
				{5 "foot_skirmisher_rf_run"}
				{10 "foot_skirmisher_lb_run"}
				{14 "foot_skirmisher_rb_run"}			
				{18 "joint_med_out"}
				{54 "landed_close"}
				{55 "runloop_f"}
			}
		}
		{sequence "stumble_runstart_f_01" {resume}}
		{sequence "wpn_recoil_gun" {resume}}
	}
	{bone revolute "basis"
		{limits 0 -0}
		{speed 0.2}
		{terminator}
		{Orientation
			1	0	0
			0	-1	0
			0	0	1
		}
		{bone revolute "h_dr_signal"
			{speed 1}
			{Matrix34
				0.999995	0.000183246	-0.00329533
				-0.00018367	1	-0.000122459
				0.00329531	0.000123064	0.999995
				0	0	33.8259
			}
			{bone revolute "v_dr_signal"
				{speed 1}
				{Matrix34
					-0.00717313	0.0366931	-0.999301
					0.998937	0.0457629	-0.00548418
					0.045527	-0.998278	-0.0369853
					-0.00837135	-0.000312424	2.54045
				}
				{bone "foresight_signal"
					{Matrix34
						-0.00405356	0.998722	0.0503847
						0.0367138	0.0505042	-0.998049
						-0.999317	-0.00218347	-0.0368779
						1.37032	1.03443	1.7642
					}
				}
			}
		}
		{bone "placement"
		}
		{bone "move"
			{parameters "hkaSkeleton = Reference;hkaBone = 0;"}
			{bone "reference"
				{parameters "hkaSkeleton = Reference;hkaBone = 0;"}
				{Orientation
					0	-1	0
					0	0	1
					-1	0	0
				}
				{bone "hips"
					{parameters "hkaSkeleton = Reference;hkaBone = 1;"}
					{Matrix34
						0	0.574945	-0.818192
						0	0.818192	0.574946
						1	0	0
						0	18.5448	0
					}
					{bone "spine"
						{parameters "hkaSkeleton = Reference;hkaBone = 2;"}
						{Matrix34
							0.99531	-0.0967344	0
							0.0967343	0.99531	0
							0	0	1
							0.692066	0	0
						}
						{bone "spine1"
							{parameters "hkaSkeleton = Reference;hkaBone = 3;"}
							{Matrix34
								0.718443	-0.695516	-0.00986705
								0.69553	0.718493	-0.00255697
								0.008868	-0.0050266	0.999948
								4.34501	0	0
							}
							{bone "rightarm"
								{parameters "hkaSkeleton = Reference;hkaBone = 7;"}
								{Matrix34
									-0.119982	0.992721	-0.0104697
									0.989859	0.118815	-0.0778665
									-0.0760563	-0.0197055	-0.996909
									4.66851	-2.31441	2.27845
								}
								{bone "rightforearm"
									{parameters "hkaSkeleton = Reference;hkaBone = 8;"}
									{Matrix34
										0.805101	-0.59222	0.0329936
										-0.593068	-0.802902	0.0601701
										-0.00914395	-0.0680099	-0.997643
										-6.28316	0	-1.09673e-05
									}
									{bone "righthand"
										{parameters "hkaSkeleton = Reference;hkaBone = 9;"}
										{Matrix34
											0.950069	0.31178	-0.0127209
											-0.311926	0.950032	-0.0118999
											0.00837422	0.0152736	0.999848
											-8.08633	0	0
										}
										{bone "righthandindex1"
											{parameters "hkaSkeleton = Reference;hkaBone = 10;"}
											{Matrix34
												0.990681	-0.131485	-0.0355282
												0.129921	0.99058	-0.0432636
												0.0408811	0.0382448	0.998432
												-3.28498	-1.23978e-05	0
											}
											{bone "righthandpinky1"
												{parameters "hkaSkeleton = Reference;hkaBone = 11;"}
												{Matrix34
													0.850537	0.524532	-0.0381236
													-0.525293	0.850821	-0.0130747
													0.0255771	0.0311465	0.999188
													-1.63451	-0.0249577	0.665132
												}
												{bone "righthandpinky2"
													{parameters "hkaSkeleton = Reference;hkaBone = 12;"}
													{Position -1.35302	0	0}
												}
											}
											{bone "righthandmiddle1"
												{parameters "hkaSkeleton = Reference;hkaBone = 13;"}
												{Matrix34
													0.850772	0.521831	0.0622876
													-0.523868	0.851528	0.0215024
													-0.04182	-0.0509241	0.997827
													-1.59568	0.0249844	-0.665145
												}
												{bone "righthandmiddle2"
													{parameters "hkaSkeleton = Reference;hkaBone = 14;"}
													{Position -1.34002	0	0}
												}
											}
											{bone "righthandthumb1"
												{parameters "hkaSkeleton = Reference;hkaBone = 15;"}
												{Matrix34
													-0.0111713	-0.999074	-0.0415439
													-0.999367	0.0125591	-0.033298
													0.0337899	0.0411455	-0.998582
													-0.297508	1.66193	0.113917
												}
												{bone "righthandthumb2"
													{parameters "hkaSkeleton = Reference;hkaBone = 16;"}
													{Position -0.81394	0	0}
												}
											}
											{bone "rightpiston_forearmtoindex_frontbaselower"
												{parameters "Clear;"}
												{Matrix34
													0.979307	-0.20063	0.0265449
													-0.199277	-0.978844	-0.0464139
													0.0352963	0.0401637	-0.99857
													-0.306797	1.1386	0.0911262
												}
												{bone "rightpiston_forearmtoindex_frontlimitdown"
													{parameters "Clear;"}
													{Matrix34
														-0.999998	-0.0013808	0.00138224
														-0.00138274	0.999998	-0.00138086
														-0.00138125	-0.00138263	-0.999998
														0.82103	0	0
													}
												}
												{bone "rightpiston_forearmtoindex_frontdeformend"
													{parameters "Clear;"}
													{Matrix34
														-0.999998	-0.0013808	0.00138224
														-0.00138274	0.999998	-0.00138086
														-0.00138125	-0.00138263	-0.999998
														2.00766	0	0
													}
												}
											}
											{bone "righthandtoe_sm"
												{parameters "ID=body;"}
												{Matrix34
													-0.633601	-0.771826	-0.0532395
													0.0339404	0.0410196	-0.998582
													0.772915	-0.634509	0.000205204
													-0.979688	0.236293	0.0730925
												}
												{VolumeView "righthandtoe_sm.ply"}
												{bone "footstep_hooffront_r"
													{Matrix34
														1	0	-0.000178035
														0	1	0
														0.000178674	0	1
														-0.000217438	0.0462661	-1.20376
													}
												}
											}
										}
										{bone "righthand_sm"
											{parameters "ID=body;"}
											{Matrix34
												-0.730149	-0.683283	0.00274567
												-0.00187057	-0.00201887	-0.999996
												0.683285	-0.730152	0.000194979
												-2.98537	-0.298102	0.0963256
											}
											{VolumeView "righthand_sm.ply"}
										}
									}
									{bone "rightpiston_armtoforearm_frontbasedeform"
										{parameters "Clear;"}
										{Matrix34
											0.993943	-0.109744	-0.00583589
											-0.10961	-0.99378	0.0196938
											-0.00795996	-0.0189347	-0.999789
											-2.96299	-1.58294	0.0197468
										}
										{bone "rightpiston_armtoforearm_frontlimitdown"
											{parameters "Clear;"}
											{Matrix34
												-0.999998	-0.00138083	0.00138225
												-0.00138259	0.999998	-0.0013809
												-0.00138123	-0.00138258	-0.999998
												0.652675	0	0
											}
										}
										{bone "rightpiston_armtoforearm_frontdeformend"
											{parameters "Clear;"}
											{Matrix34
												-0.999998	-0.00138083	0.00138225
												-0.00138259	0.999998	-0.0013809
												-0.00138123	-0.00138258	-0.999998
												1.80155	0	0
											}
										}
									}
									{bone "rightpiston_armtoforearm_backbasedeform"
										{parameters "Clear;"}
										{Matrix34
											0.737887	-0.674889	0.00685896
											0.674875	0.737673	-0.0195696
											0.00814675	0.019069	0.999785
											1.38287	0.346343	-0.0689287
										}
										{bone "rightpiston_armtoforearm_backlimitdown"
											{parameters "Clear;"}
											{Position 0.623954	0	0}
										}
										{bone "rightpiston_armtoforearm_backdeformend"
											{parameters "Clear;"}
											{Position 1.81418	0	0}
										}
									}
									{bone "rightpiston_forearmtoindex_frontbaseupper"
										{parameters "Clear;"}
										{Matrix34
											-0.999785	0.0180541	0.0102012
											-0.017868	-0.999677	0.0180541
											0.010523	0.0178679	0.999785
											-8.15296	-0.0186939	0.0504246
										}
										{bone "rightpiston_forearmtoindex_frontlimitup"
											{parameters "Clear;"}
											{Position 1.33233	0	0}
										}
									}
									{bone "rightforearm_sm"
										{parameters "ID=body;"}
										{Matrix34
											-0.480661	-0.876675	0.0201637
											-0.00966579	-0.0176954	-0.999797
											0.876853	-0.480759	3.10129e-05
											-3.66702	-0.12367	-0.223573
										}
										{VolumeView "rightforearm_sm.ply"}
									}
								}
								{bone "rightpiston_armtoforearm_frontbaseupper"
									{parameters "Clear;"}
									{Matrix34
										-0.86714	0.497017	-0.0323024
										0.497879	0.863215	-0.0835274
										-0.0136313	-0.088512	-0.995982
										-3.54205	0.613234	-0.0495687
									}
									{bone "rightpiston_armtoforearm_frontlimitup"
										{parameters "Clear;"}
										{Position 1.99689	0	0}
									}
								}
								{bone "rightpiston_armtoforearm_backbaseupper"
									{parameters "Clear;"}
									{Matrix34
										-0.994623	-0.101248	0.0217524
										0.102775	-0.990863	0.0873433
										0.012711	0.0891088	0.995941
										-1.85876	-0.727045	0.0612376
									}
									{bone "rightpiston_armtoforearm_backlimitup"
										{parameters "Clear;"}
										{Matrix34
											-0.999998	-0.00138097	0.001383
											-0.0013825	0.999998	-0.00138047
											-0.00138048	-0.00138302	-0.999998
											1.39869	0	0
										}
									}
								}
								{bone "rightarm_sm"
									{parameters "ID=body;"}
									{Matrix34
										0.132731	0.987173	-0.0887244
										0.0118246	0.0879324	0.996056
										0.991082	-0.133257	0
										-3.1207	0.0734658	0.0730121
									}
									{VolumeView "rightarm_sm.ply"}
									{bone "armour_shoulder_right"
										{parameters "ID=armor;"}
										{Matrix34
											1	0	0
											0	1	0
											0	0	1
											1.6132	-0.36724	2.60323
										}
										{VolumeView "armour_shoulder_right.ply"}
									}
								}
							}
							{bone "leftarm"
								{parameters "hkaSkeleton = Reference;hkaBone = 40;"}
								{Matrix34
									0.120215	-0.992661	-0.0131742
									-0.988123	-0.118365	-0.0979916
									0.0957122	0.0247983	-0.9951
									4.71268	-2.30297	-2.19767
								}
								{bone "leftforearm"
									{parameters "hkaSkeleton = Reference;hkaBone = 41;"}
									{Matrix34
										0.805101	-0.59222	0.0329927
										-0.593067	-0.802902	0.0601699
										-0.0091433	-0.0680106	-0.997643
										6.28317	1.23978e-05	0
									}
									{bone "lefthand"
										{parameters "hkaSkeleton = Reference;hkaBone = 42;"}
										{Matrix34
											0.950069	0.31178	-0.0127201
											-0.311926	0.950032	-0.0119
											0.00837516	0.0152738	0.999848
											8.08634	0	0
										}
										{bone "lefthandindex1"
											{parameters "hkaSkeleton = Reference;hkaBone = 43;"}
											{Matrix34
												0.990681	-0.131485	-0.0355274
												0.129921	0.99058	-0.0432637
												0.040882	0.0382446	0.998432
												3.28498	0	0
											}
											{bone "lefthandpinky1"
												{parameters "hkaSkeleton = Reference;hkaBone = 44;"}
												{Matrix34
													0.850537	0.524532	-0.0381229
													-0.525293	0.850821	-0.0130752
													0.025578	0.0311465	0.999188
													1.63451	0.0249624	-0.665131
												}
												{bone "lefthandpinky2"
													{parameters "hkaSkeleton = Reference;hkaBone = 45;"}
													{Position 1.35302	0	0}
												}
											}
											{bone "lefthandmiddle1"
												{parameters "hkaSkeleton = Reference;hkaBone = 46;"}
												{Matrix34
													0.850772	0.521831	0.0622883
													-0.523868	0.851528	0.0215019
													-0.0418191	-0.0509242	0.997827
													1.59567	-0.0249777	0.665134
												}
												{bone "lefthandmiddle2"
													{parameters "hkaSkeleton = Reference;hkaBone = 47;"}
													{Position 1.34002	0	0}
												}
											}
											{bone "lefthandthumb1"
												{parameters "hkaSkeleton = Reference;hkaBone = 48;"}
												{Matrix34
													-0.0111714	-0.999074	-0.0415438
													-0.999367	0.012559	-0.0332989
													0.0337891	0.0411456	-0.998582
													0.297503	-1.66193	-0.113919
												}
												{bone "lefthandthumb2"
													{parameters "hkaSkeleton = Reference;hkaBone = 49;"}
													{Position 0.813941	0	0}
												}
											}
											{bone "leftpiston_forearmtoindex_frontbaselower"
												{parameters "Clear;"}
												{Matrix34
													0.97883	-0.203326	0.0234512
													-0.202015	-0.97816	-0.0489169
													0.0328844	0.0431439	-0.998528
													0.30679	-1.13859	-0.0911305
												}
												{bone "leftpiston_forearmtoindex_frontlimitdown"
													{parameters "Clear;"}
													{Matrix34
														-0.999998	-0.00138059	0.00138308
														-0.00138298	0.999998	-0.00138071
														-0.0013804	-0.00138278	-0.999998
														-0.821022	0	0
													}
												}
												{bone "leftpiston_forearmtoindex_frontdeformend"
													{parameters "Clear;"}
													{Matrix34
														-0.999998	-0.00138059	0.00138308
														-0.00138298	0.999998	-0.00138071
														-0.0013804	-0.00138278	-0.999998
														-2.00765	0	0
													}
												}
											}
											{bone "lefthandtoe_sm"
												{parameters "ID=body;"}
												{Matrix34
													0.633882	0.771595	0.0532406
													0.0339222	0.0410345	-0.998582
													-0.772686	0.634788	-0.000163839
													0.979692	-0.236295	-0.0731108
												}
												{VolumeView "lefthandtoe_sm.ply"}
												{bone "footstep_hooffront_l"
													{Matrix34
														1	0	0.00018571
														0	1	0
														-0.000186209	0	1
														0.000226021	-0.0193534	-1.20373
													}
												}
											}
										}
										{bone "lefthand_sm"
											{parameters "ID=body;"}
											{Matrix34
												0.730398	0.683017	-0.00274488
												-0.00188681	-0.00200186	-0.999996
												-0.68302	0.7304	-0.000173949
												2.98537	0.298096	-0.0963449
											}
											{VolumeView "lefthand_sm.ply"}
										}
									}
									{bone "leftpiston_armtoforearm_frontbasedeform"
										{parameters "Clear;"}
										{Matrix34
											0.993613	-0.112508	-0.00872237
											-0.112348	-0.993522	0.0170983
											-0.0105905	-0.0160094	-0.999816
											2.96299	1.58295	-0.0197532
										}
										{bone "leftpiston_armtoforearm_frontlimitdown"
											{parameters "Clear;"}
											{Matrix34
												-0.999998	-0.00138047	0.00138314
												-0.00138298	0.999998	-0.00138063
												-0.00138034	-0.00138285	-0.999998
												-0.652672	0	0
											}
										}
										{bone "leftpiston_armtoforearm_frontdeformend"
											{parameters "Clear;"}
											{Matrix34
												-0.999998	-0.00138047	0.00138314
												-0.00138298	0.999998	-0.00138063
												-0.00138034	-0.00138285	-0.999998
												-1.80155	0	0
											}
										}
									}
									{bone "leftpiston_armtoforearm_backbasedeform"
										{parameters "Clear;"}
										{Matrix34
											0.739879	-0.672733	0.00325649
											0.672671	0.739723	-0.0179985
											0.00970019	0.0155075	0.999833
											-1.38287	-0.346342	0.0689209
										}
										{bone "leftpiston_armtoforearm_backlimitdown"
											{parameters "Clear;"}
											{Position -0.623964	0	0}
										}
										{bone "leftpiston_armtoforearm_backdeformend"
											{parameters "Clear;"}
											{Position -1.81418	0	0}
										}
									}
									{bone "leftpiston_forearmtoindex_frontbaseupper"
										{parameters "Clear;"}
										{Matrix34
											-0.999856	0.0152556	0.00748313
											-0.0151407	-0.999769	0.0152558
											0.00771507	0.0151406	0.999856
											8.15295	0.0187054	-0.0504234
										}
										{bone "leftpiston_forearmtoindex_frontlimitup"
											{parameters "Clear;"}
											{Position -1.33234	0	0}
										}
									}
									{bone "leftforearm_sm"
										{parameters "ID=body;"}
										{Matrix34
											0.480699	0.876654	-0.0201632
											-0.00968494	-0.0176858	-0.999797
											-0.876832	0.480796	-1.20274e-05
											3.66702	0.123672	0.223561
										}
										{VolumeView "leftforearm_sm.ply"}
									}
								}
								{bone "leftpiston_armtoforearm_frontbaseupper"
									{parameters "Clear;"}
									{Matrix34
										-0.86714	0.497017	-0.0323015
										0.497879	0.863215	-0.0835271
										-0.0136306	-0.0885127	-0.995982
										3.54204	-0.613232	0.0495749
									}
									{bone "leftpiston_armtoforearm_frontlimitup"
										{parameters "Clear;"}
										{Position -1.9969	0	0}
									}
								}
								{bone "leftpiston_armtoforearm_backbaseupper"
									{parameters "Clear;"}
									{Matrix34
										-0.994381	-0.104147	0.018973
										0.10539	-0.990817	0.0847067
										0.00997616	0.0862311	0.996225
										1.85874	0.727048	-0.0612321
									}
									{bone "leftpiston_armtoforearm_backlimitup"
										{parameters "Clear;"}
										{Matrix34
											-0.999998	0.00138265	-0.00138108
											0.00138083	0.999998	0.00138234
											0.00138241	0.00138115	-0.999998
											-1.39869	0	0
										}
									}
								}
								{bone "leftarm_sm"
									{parameters "ID=body;"}
									{Matrix34
										-0.13272	-0.987175	0.0887235
										0.0118321	0.0879316	0.996056
										-0.991083	0.133246	1.1216e-05
										3.1207	-0.0734644	-0.0729973
									}
									{VolumeView "leftarm_sm.ply"}
									{bone "armour_shoulder_left"
										{parameters "ID=armor;"}
										{Matrix34
											1	0	0
											0	1	1.02818e-05
											0	0	1
											1.61317	0.510165	2.60326
										}
										{VolumeView "armour_shoulder_left.ply"}
									}
								}
							}
							{bone "rightcablespinebacksm"
								{parameters "hkaSkeleton = Reference;hkaBone = 9;"}
								{Matrix34
									-0.901391	0.393535	0.180624
									-0.271797	-0.838948	0.471479
									0.337078	0.375893	0.863182
									-3.491	1.49528	2.19857
								}
							}
							{bone "rightcablespinefrontsm"
								{parameters "hkaSkeleton = Reference;hkaBone = 10;"}
								{Matrix34
									0.635915	-0.766653	0.0886329
									0.769125	0.639033	0.00922333
									-0.0637096	0.0623039	0.996022
									3.60936	-0.0328751	1.48992
								}
							}
							{bone "leftcablespinebacksm"
								{parameters "hkaSkeleton = Reference;hkaBone = 11;"}
								{Matrix34
									0.897671	-0.394499	0.196362
									0.262399	0.836513	0.481033
									-0.354026	-0.380284	0.854429
									-3.44699	1.50658	-2.25936
								}
							}
							{bone "leftcablespinefrontsm"
								{parameters "hkaSkeleton = Reference;hkaBone = 12;"}
								{Matrix34
									-0.637579	0.766221	0.0799844
									-0.769125	-0.639032	-0.00922351
									0.044046	-0.0673993	0.996753
									3.63808	-0.0254478	-1.41855
								}
							}
							{bone "body_sm"
								{parameters "ID=body;"}
								{Matrix34
									0.967905	0.251144	-0.00932414
									-0.00987574	0.000933908	-0.999951
									-0.251123	0.967949	0.00338343
									2.69851	1.2033	0.0613925
								}
								{VolumeView "body_sm.ply"}
								{bone "hydraulics_organ"
									{Matrix34
										0.0195167	0.999804	-0.00338666
										-0.999809	0.0195184	0.000284055
										0.000350534	0.00338123	0.999994
										-2.80882	0.0851994	-0.389702
									}
									{VolumeView "hydraulics_organ.ply"}
								}
								{bone "base_legs_front"
									{parameters "ID=body;"}
									{Matrix34
										0.0195164	0.999804	-0.00338672
										-0.999809	0.019518	0.000283708
										0.000349794	0.0033812	0.999994
										1.30525	-0.00806352	-4.21482
									}
									{VolumeView "base_legs_front.ply"}
								}
								{bone "fuel"
									{parameters "ID=fuel;"}
									{Matrix34
										0.0195157	0.999804	-0.00338654
										-0.999809	0.0195174	0.000284061
										0.000350378	0.0033811	0.999994
										-2.82961	0.101801	4.38914
									}
									{VolumeView "fuel.ply"}
								}
								{bone "front_armor"
									{parameters "ID=armor;"}
									{Matrix34
										0.642883	-0.0125498	0.765862
										0.022111	0.999753	-0.00217777
										-0.765645	0.018335	0.643002
										2.87419	-0.0203252	1.20514
									}
									{VolumeView "front_armor.ply"}
								}
								{bone "fuel_damage"
									{parameters "ID=fuel;"}
									{Matrix34
										0.0195157	0.999804	-0.00338654
										-0.999809	0.0195174	0.000284061
										0.000350378	0.0033811	0.999994
										-2.82961	0.101801	4.38914
									}
									{visibility 0}
									{VolumeView "fuel_damage.ply"}
								}
								{bone "body_health_damage"
									{parameters "ID=body;"}
									{Position 0	0	0}
									{visibility 0}
									{VolumeView "body_health_damage.ply"}
								}
								{bone "body_health"
									{parameters "ID=body;"}
									{Position 0	0	0}
									{VolumeView "body_health.ply"}
								}
								{bone "body_organ"
									{parameters "ID=Body;"}
									{Matrix34
										-0.00538063	0.99998	-0.00337828
										-0.999985	-0.00537914	0.000370096
										0.000351982	0.00338059	0.999994
										-0.717949	-0.00304994	-0.83098
									}
									{VolumeView "body_organ.ply"}
								}
							}
							{bone "bridge"
								{parameters "ID=bridge;"}
								{Matrix34
									0.00986727	0.00255722	-0.999948
									-0.967983	-0.25081	-0.0101938
									-0.250823	0.968033	0
									1.08138	-21.5013	-0.0442964
								}
								{VolumeView "bridge.ply"}
							}
							{bone revolute "h_drive_bone"
								{parameters "ID=turret;"}
								{limits -35 35}
								{speed 0.04}
								{Matrix34
									0.968808	0.24761	0.0100102
									0.00971996	0.00239246	-0.99995
									-0.247622	0.968857	-8.95623e-05
									3.2914	3.19796	1.46725
								}
								{bone "rightweaponbase"
									{parameters "hkaSkeleton = Reference;hkaBone = 32;"}
									{Matrix34
										0.00278691	-0.487555	-0.873088
										-0.00176871	-0.873092	0.487552
										-0.999995	0.000183283	-0.00329884
										0	0	0
									}
									{bone "weapon_arm"
										{parameters "ID=body;"}
										{Matrix34
											-0.513319	-0.858136	0.0102418
											0.124449	-0.0626171	0.990249
											-0.849129	0.509586	0.138931
											1.08968	0.404572	-0.057807
										}
										{VolumeView "weapon_arm.ply"}
									}
									{bone "weaponpiston_weaponbasetoweaponforearm_basedeform"
										{parameters "hkaSkeleton = Reference;hkaBone = 37;"}
										{Matrix34
											-0.260376	0.945177	0.197091
											0.939353	0.295177	-0.174601
											-0.223215	0.139677	-0.964711
											1.23853	-0.561142	-0.235607
										}
										{bone "weaponpiston_weaponbasetoweaponforearm_limitdown"
											{parameters "hkaSkeleton = Reference;hkaBone = 38;"}
											{Matrix34
												1	0	0
												0	1	0
												0	0	1
												1.20309	0	0
											}
										}
										{bone "weaponpiston_weaponbasetoweaponforearm_deformend"
											{parameters "hkaSkeleton = Reference;hkaBone = 39;"}
											{Matrix34
												1	0	0
												0	1	0
												0	0	1
												1.5955	0	0
											}
										}
									}
									{bone "rightweaponforearm"
										{parameters "hkaSkeleton = Reference;hkaBone = 33;"}
										{Matrix34
											-0.813394	0.516801	0.267032
											-0.531437	-0.846857	0.020188
											0.236581	-0.12549	0.963475
											3.07681	-0.0358152	-0.728873
										}
										{bone "rightweaponaim"
											{parameters "hkaSkeleton = Reference;hkaBone = 34;"}
											{Matrix34
												1	0	0
												0	1	0
												0	0	1
												2.52864	0	-1.23978e-05
											}
										}
										{bone "weaponattach"
											{parameters "hkaSkeleton = Reference;hkaBone = 35;"}
											{Matrix34
												0.0290796	-0.999491	0.0130992
												0.999558	0.0290016	-0.00654683
												0.0061532	0.0132772	0.999893
												2.85738	0	-1.43051e-05
											}
											{bone revolute "bone_gun_v"
												{limits -15 15}
												{speed 0.03}
												{Matrix34
													-0.0364359	-0.982508	0.182626
													-0.0446475	-0.180955	-0.982477
													0.998338	-0.0439573	-0.0372671
													0.0370731	0.259708	-0.125366
												}
												{bone "mgun"
													{parameters "ID=gun;"}
													{Matrix34
														0.0627851	0.0422573	-0.997132
														0.00664967	-0.999099	-0.0419206
														-0.998005	-0.00399472	-0.0630142
														0.175026	0.126771	-0.0283713
													}
													{VolumeView "mgun.ply"}
													{bone "recoil_bone"
														{parameters "hkaSkeleton = Reference;hkaBone = 35;"}
														{Matrix34
															-0.999649	0.00705169	-0.025527
															-0.0255054	0.00255388	0.999671
															0.00711269	0.999972	-0.00237657
															-1.21078	0.172692	0.0565128
														}
														{bone "recoil"
															{parameters "ID=gun;"}
															{Orientation
																-0.00705162	-0.00255416	-0.999972
																0.0255255	-0.999671	0.00237681
																-0.999649	-0.0255039	0.00711256
															}
															{VolumeView "recoil.ply"}
														}
														{bone "shell_drop"
															{parameters "ID=ammo;"}
															{Matrix34
																0.930638	0.365869	0.00711782
																0.00574652	0.00482146	-0.999972
																-0.365893	0.930655	0.00237224
																0.0459716	0.185745	-1.0368
															}
															{VolumeView "shell_drop.ply"}
															{bone "shell_smoke"
																{Matrix34
																	-0.0291062	0.999576	0.000776775
																	-0.939275	-0.0276022	0.342051
																	0.341927	0.00923661	0.939682
																	0.00309181	0.212333	-0.0181179
																}
															}
														}
													}
													{bone "ammo"
														{parameters "ID=gun;"}
														{Matrix34
															1	0	0
															0	1	0
															0	0	1
															0	0	0
														}
														{VolumeView "ammo.ply"}
													}
												}
												{bone "foresight"
													{Matrix34
														-0.00405233	0.998721	0.0503864
														0.036713	0.0505046	-0.998049
														-0.999317	-0.00218465	-0.0368788
														-0.272587	7.98086	1.60972
													}
												}
											}
										}
										{bone "weaponpiston_weaponbasetoweaponforearm_baseupper"
											{parameters "hkaSkeleton = Reference;hkaBone = 35;"}
											{Matrix34
												-0.753644	0.657193	-0.0107493
												-0.657271	-0.753421	0.0188469
												0.00427699	0.0212624	0.999765
												3.03194	-0.034621	0.125853
											}
											{bone "weaponpiston_weaponbasetoweaponforearm_limitup"
												{parameters "hkaSkeleton = Reference;hkaBone = 36;"}
												{Matrix34
													1	0	0
													0	1	0
													0	0	1
													0.251154	0	0
												}
											}
										}
									}
								}
							}
							{bone revolute "head_ik_v2"
								{limits -30 15}
								{speed 0.04}
								{Matrix34
									0.972449	0.232892	0.0101917
									0.232906	-0.972499	-0.000188881
									0.0098668	0.00255735	-0.999948
									5.97593	-0.00127602	0.0589692
								}
								{bone "neck"
									{parameters "hkaSkeleton = Reference;hkaBone = 4;"}
									{Matrix34
										0.70398	0.71022	0
										0.71022	-0.70398	0
										0	0	-1
										0	0	0
									}
									{bone "head_arm"
										{parameters "ID=body;"}
										{Matrix34
											0.690737	0.723106	0
											-1.59929e-05	1.40401e-05	-1
											-0.723107	0.690736	2.61111e-05
											1.21888	0.0596981	-7.35589e-05
										}
										{VolumeView "head_arm.ply"}
									}
									{bone revolute "head_ik_v"
										{limits -15 15}
										{speed 0.04}
										{Matrix34
											0.677289	0.735717	0
											-0.735718	0.677288	0
											0	0	1
											2.57356	0	0
										}
										{bone revolute "head_ik_v_damage"
											{limits -4 4}
											{speed 0.005}
											{Matrix34
												1	0	0
												0	1	0
												0	0	1
												0	0	0
											}
											{bone "neck1"
												{parameters "hkaSkeleton = Reference;hkaBone = 5;"}
												{Matrix34
													1	0	0
													0	1	0
													0	0	1
													0	0	0
												}
												{bone "cableneck1sm"
													{parameters "hkaSkeleton = Reference;hkaBone = 8;"}
													{Matrix34
														-0.0184542	-0.99983	0
														0.99983	-0.0184578	0
														0	0	1
														-0.073535	-1.3529	0
													}
												}
												{bone "head_link"
													{parameters "ID=body;"}
													{Matrix34
														0.99983	-0.0184577	0
														0	0	-1
														0.0184541	0.99983	0
														4.13997	-0.0933228	-0.451939
													}
													{VolumeView "head_link.ply"}
												}
												{bone revolute "head_ik_h"
													{limits -60 60}
													{speed 0.04}
													{Matrix34
														0.999659	-0.0184551	-0.0184555
														-0.0184551	0.000339276	-0.99983
														0.0184544	0.99983	0
														1.25143	0	0
													}
													{bone revolute "head_ik_h_damage"
														{limits -25 25}
														{speed 0.005}
														{Orientation
															1	0	0
															0	1	0
															0	0	1
														}
														{bone "head"
															{parameters "hkaSkeleton = Reference;hkaBone = 6;"}
															{Matrix34
																0.999659	-0.0184539	0.0184537
																-0.0184558	0.000339169	0.99983
																-0.0184565	-0.99983	0
																0	0	0
															}
															{bone "cableheadsm"
																{parameters "hkaSkeleton = Reference;hkaBone = 7;"}
																{Matrix34
																	-0.0184525	-0.99983	0
																	0.99983	-0.018459	0
																	0	0	1
																	3.44612	-0.964891	0.757392
																}
															}
															{bone "head_sm"
																{parameters "ID=head;"}
																{Matrix34
																	0.99983	-0.018459	0
																	0	0	-1
																	0.0184527	0.99983	0
																	2.88853	-0.0933208	-0.451949
																}
																{VolumeView "head_sm.ply"}
																{bone "scanner"
																	{parameters "ID=body;"}
																	{Matrix34
																		1	0	0
																		0	1	0
																		0	0	1
																		-0.883985	1.36897	0.775576
																	}
																	{VolumeView "scanner.ply"}
																	{bone "visor_head"
																		{Matrix34
																			1	0	0
																			0	0	1
																			0	-1	0
																			0.5291	0	0.167652
																		}
																	}
																}
																{bone "head_organ"
																	{parameters "ID=Head;"}
																	{Matrix34
