;Exported by: Xpycmb
;Date:        Sun Mar 31 00:20:55 2024
;File:        C:\Users\Xpycmb\Documents\3ds Max 2020\scenes\skirmisher_base_ags.max
{Skeleton
	{animation
		{sequence "load" {resume}}
		{sequence "shot_small01" {resume}}
		{sequence "shot_small02" {resume}}
		{sequence "shot_small03" {resume}}
		{sequence "shot_small04" {resume}}
		{sequence "shot_small05" {resume}}
		{sequence "reload" {resume}}
		{sequence "cooler" {resume}}
		{sequence "stage1" {speed 0.1} {resume}}
		{sequence "stage2" {speed 0.1} {resume}}
	}
	{bone "basis"
		{Orientation
			1	0	0
			0	-1	0
			0	0	1
		}
		{bone "recevier"
			{parameters "ID=Gun;"}
			{Matrix34
				-0.0121312	0.161713	0.986763
				-0.999852	-0.0139888	-0.0099996
				0.0121866	-0.986739	0.161859
				1.11312	-0.804552	-0.223017
			}
			{VolumeView "recevier.ply"}
			{bone "j_recoil"
				{Matrix34
					-1	0.000307127	-0.000885949
					0.000309579	-0.782229	-0.62299
					0.000889674	0.622992	-0.782228
					0.175024	0.322456	-1.40641
				}
				{bone "recoil"
					{parameters "ID=Gun;"}
					{Matrix34
						1	-0.000310898	-0.000886247
						-0.000308928	0.782227	-0.622992
						0.000886947	0.622992	0.78223
						0.0763742	-0.0942747	0.262359
					}
					{VolumeView "recoil.ply"}
				}
				{bone "shell_drop"
					{parameters "ID=ammo;"}
					{Matrix34
						-0.00507986	-0.841343	0.540476
						0.00964484	-0.540499	-0.84129
						0.999941	0.000939161	0.0108603
						0.653981	0.166265	-0.726128
					}
					{VolumeView "shell_drop.ply"}
				}
			}
			{bone "heater"
				{parameters "ID=Barrel;"}
				{Matrix34
					0.999891	-0.0038717	-0.0142573
					0.0040755	0.99989	0.0142947
					0.0142003	-0.0143513	0.999796
					-4.23341	0.00466287	-0.802454
				}
				{VolumeView "heater.ply"}
			}
			{bone "cooler"
				{parameters "ID=heater;"}
				{Matrix34
					0.00407332	0.99989	0.0142941
					-0.999891	0.00386953	0.0142573
					0.0142003	-0.0143507	0.999796
					1.87637	-0.13775	-1.169
				}
				{VolumeView "cooler.ply"}
				{bone "j_fan_01"
					{Position 0.0080924	-0.622065	-0.723318}
					{bone "fan_01"
						{parameters "ID=heater;"}
						{Matrix34
							0	0	1
							0	1	0
							-1	0	0
							0	0	0.0248089
						}
						{VolumeView "fan_01.ply"}
					}
				}
				{bone "j_fan_02"
					{Position 0.00809252	-0.182587	-0.698511}
					{bone "fan_02"
						{parameters "ID=heater;"}
						{Matrix34
							0	0	1
							0	1	0
							-1	0	0
							0	0	0
						}
						{VolumeView "fan_02.ply"}
					}
				}
				{bone "j_fan_03"
					{Position 0.00809288	0.256891	-0.698511}
					{bone "fan_03"
						{parameters "ID=heater;"}
						{Matrix34
							0	0	1
							0	1	0
							-1	0	0
							0	0	0
						}
						{VolumeView "fan_03.ply"}
					}
				}
			}
			{bone "j_spring"
				{Matrix34
					0.00407445	0.99989	0.0142941
					-0.999891	0.00387066	0.0142573
					0.0142003	-0.0143507	0.999796
					2.12396	-0.250932	-0.963505
				}
			}
			{bone "j_piston"
				{Matrix34
					0.00407445	0.99989	0.0142941
					-0.999891	0.00387066	0.0142573
					0.0142003	-0.0143507	0.999796
					1.83985	-0.24983	-0.959454
				}
				{bone "piston"
					{Matrix34
						1	0	0
						0	0.0141715	0.9999
						0	-0.9999	0.0141714
						0	-0.511543	0
					}
				}
			}
			{bone "spring"
				{Matrix34
					0.00407472	0.99989	0.014294
					0.0142002	-0.0143505	0.999796
					0.999891	-0.00387086	-0.0142572
					2.11792	-0.25081	-0.969761
				}
			}
			{bone "wire"
				{parameters "ID=heater;"}
				{Matrix34
					0.00407445	0.99989	0.0142941
					-0.999891	0.00387066	0.0142573
					0.0142003	-0.0143507	0.999796
					-2.028	-0.303609	-1.27516
				}
				{VolumeView "wire.ply"}
			}
			{bone "j_drum"
				{Matrix34
					0.999891	-0.00386997	-0.0142535
					0.00407658	0.99989	0.0142945
					-0.0142014	0.0143487	-0.999796
					0.842302	-0.611506	-0.790987
				}
				{bone "drum"
					{parameters "ID=ammo;"}
					{Matrix34
						-0.999891	-0.00407109	0.0141978
						0.00387464	-0.99989	-0.014353
						0.0142566	-0.0142904	0.999796
						0.349635	-8.96454e-05	0.00031136
					}
					{VolumeView "drum.ply"}
					{bone "j_bullet05"
						{Matrix34
							0.00407663	0.99989	0.0142961
							-0.999891	0.00386842	0.0142588
							0.0141984	-0.0143486	0.999796
							0.229098	-0.270413	0.156431
						}
						{bone "bullet05"
							{parameters "ID=ammo;"}
							{Matrix34
								0.00407133	-0.999891	0.014202
								0.99989	0.0038719	-0.0143527
								0.0142925	0.0142554	0.999796
								-0.000522256	-0.000294507	-0.00182161
							}
							{VolumeView "bullet05.ply"}
						}
					}
					{bone "j_bullet04"
						{Matrix34
							0.00407663	0.99989	0.0142961
							-0.999891	0.00386842	0.0142588
							0.0141984	-0.0143486	0.999796
							0.229094	-0.278046	-0.16317
						}
						{bone "bullet04"
							{parameters "ID=ammo;"}
							{Matrix34
								0.00407133	-0.999891	0.014202
								0.99989	0.0038719	-0.0143527
								0.0142925	0.0142554	0.999796
								-0.000522137	-0.000297606	-0.00181931
							}
							{VolumeView "bullet04.ply"}
						}
					}
					{bone "j_bullet03"
						{Matrix34
							0.00407663	0.99989	0.0142961
							-0.999891	0.00386842	0.0142588
							0.0141984	-0.0143486	0.999796
							0.229096	-0.00428247	-0.324473
						}
						{bone "bullet03"
							{parameters "ID=ammo;"}
							{Matrix34
								0.00407133	-0.999891	0.014202
								0.99989	0.0038719	-0.0143527
								0.0142925	0.0142554	0.999796
								-0.000522733	-0.000297189	-0.00181878
							}
							{VolumeView "bullet03.ply"}
						}
					}
					{bone "j_bullet02"
						{Matrix34
							0.00407663	0.99989	0.0142961
							-0.999891	0.00386842	0.0142588
							0.0141984	-0.0143486	0.999796
							0.229096	0.283336	-0.169044
						}
						{bone "bullet02"
							{parameters "ID=ammo;"}
							{Matrix34
								0.00407133	-0.999891	0.014202
								0.99989	0.0038719	-0.0143527
								0.0142925	0.0142554	0.999796
								-0.000522137	-0.000298142	-0.00182164
							}
							{VolumeView "bullet02.ply"}
						}
					}
					{bone "j_bullet01"
						{Matrix34
							0.00407663	0.99989	0.0142961
							-0.999891	0.00386842	0.0142588
							0.0141984	-0.0143486	0.999796
							0.229116	0.280692	0.154386
						}
						{bone "bullet01"
							{parameters "ID=ammo;"}
							{Matrix34
								0.00407133	-0.999891	0.014202
								0.99989	0.0038719	-0.0143527
								0.0142925	0.0142554	0.999796
								-0.000522375	-0.000294328	-0.00182202
							}
							{VolumeView "bullet01.ply"}
						}
					}
					{bone "j_bullet00"
						{Matrix34
							0.00407663	0.99989	0.0142961
							-0.999891	0.00386842	0.0142588
							0.0141984	-0.0143486	0.999796
							0.229099	0.0096736	0.320742
						}
						{bone "bullet00"
							{parameters "ID=ammo;"}
							{Matrix34
								0.00407133	-0.999891	0.014202
								0.99989	0.0038719	-0.0143527
								0.0142925	0.0142554	0.999796
								-0.000519991	-0.000294805	-0.00181982
							}
							{VolumeView "bullet00.ply"}
						}
					}
				}
			}
			{bone "j_magazine"
				{Matrix34
					-0.999956	-0.00852045	-0.00395419
					0.00401628	-0.00757663	-0.999963
					-0.00848498	0.999935	-0.00760794
					2.83579	-1.60468	0.118517
				}
				{bone "magazine"
					{parameters "ID=magazine;"}
					{Matrix34
						0.999956	-0.0040177	0.0084876
						0.00851786	0.00757497	-0.999935
						0.00395316	0.999963	0.00760885
						0.501389	-0.0178034	0.261962
					}
					{VolumeView "magazine.ply"}
					{bone "belt"
						{parameters "ID=Gun;"}
						{Position 0.00511968	-0.142729	0.776912}
						{VolumeView "belt.ply"}
					}
					{bone "ammo_r01"
						{Matrix34
							0.00743365	-0.995367	0.0958615
							-0.00468409	0.0958234	0.995387
							-0.999961	-0.00783847	-0.00395077
							-0.0277202	-0.449137	1.08532
						}
					}
					{bone "ammo_r02"
						{Matrix34
							0.00743365	-0.995367	0.0958615
							-0.00468409	0.0958234	0.995387
							-0.999961	-0.00783847	-0.00395077
							-0.0277222	-0.190066	0.786205
						}
					}
					{bone "ammo_r03"
						{Matrix34
							0.00743365	-0.995367	0.0958615
							-0.00468409	0.0958234	0.995387
							-0.999961	-0.00783847	-0.00395077
							-0.0277224	0.0634437	0.500265
						}
					}
					{bone "ammo_r04"
						{Matrix34
							0.00743365	-0.995367	0.0958615
							-0.00468409	0.0958234	0.995387
							-0.999961	-0.00783847	-0.00395077
							-0.0296443	0.407207	0.303975
						}
					}
				}
			}
			{bone "j_charge"
				{Matrix34
					-0.999961	-0.00784528	-0.00395182
					0.00401764	-0.00870837	-0.999954
					-0.00780547	0.999932	-0.00873709
					2.68443	-0.902448	-0.960806
				}
				{bone "armed"
					{parameters "ID=Gun;"}
					{Matrix34
						0.999961	-0.00401862	0.00780813
						0.00784289	0.00870726	-0.999931
						0.00395042	0.999954	0.00873846
						0.0250494	0.00109944	0.029501
					}
					{VolumeView "armed.ply"}
				}
			}
		}
		{bone "foresight3"
			{Matrix34
				-0.00251104	-0.176108	-0.984368
				-0.999649	-0.0255082	0.00711355
				-0.0263623	0.98404	-0.175982
				1.16326	-0.881701	-5.5323
			}
		}
		{bone "heat"
			{Matrix34
				-0.00251113	-0.176108	-0.984368
				-0.999649	-0.0255074	0.0071135
				-0.0263614	0.98404	-0.175982
				1.11511	1.07945	-7.07967
			}
		}
		{bone "heat2"
			{Matrix34
				-0.00251113	-0.176108	-0.984368
				-0.999649	-0.0255074	0.0071135
				-0.0263614	0.98404	-0.175982
				1.10917	1.2032	-6.38677
			}
		}
	}
}
{Volume "cooler"
	{Box 0.48 1.69846 0.265}
	{Bone "cooler"}
	{Matrix34
		-1	0	0
		0	-0.999859	0.0167917
		0	-0.0167923	-0.999859
		0.00809336	0.00919882	-0.621868
	}
}
{Volume "heat"
	{Box 0.5 4 0.5}
	{Bone "recevier"}
	{Matrix34
		-0.00407448	-0.999889	-0.0142942
		0.999988	-0.00411154	0.00253284
		0.00259204	0.0142836	-0.999895
		-3.27161	0.00105807	-0.810497
	}
}
{Volume "heat_cooler"
	{Box 0.245 1.1592 0.05}
	{Bone "cooler"}
	{Matrix34
		-1	0	0
		0	-0.999859	0.0167917
		0	-0.0167923	-0.999859
		0.00809288	-0.182631	-0.718193
	}
}
{Volume "magazine"
	{Box 1.60171 0.990586 1.39254}
	{Bone "magazine"}
	{Matrix34
		0.00407197	0.99989	0.014293
		-0.999988	0.00411411	-0.00253179
		-0.00259294	-0.0142848	0.999895
		0.00122968	0.295027	-0.00666845
	}
}
{Volume "recevier"
	{Box 1.20429 5.82697 1.39254}
	{Bone "recevier"}
	{Matrix34
		-0.00407448	-0.999889	-0.0142942
		0.999988	-0.00411154	0.00253284
		0.00259204	0.0142836	-0.999895
		-0.0032869	-0.123375	-0.969993
	}
}
{Volume "shell_drop"
	{Cylinder 0.36 0.629519}
	{Bone "shell_drop"}
	{Matrix34
		-0.418343	-0.0987366	0.00510404
		0.0988631	-0.418054	0.0156438
		0.00137245	0.0163983	0.429554
		0.0038586	-0.00575671	-0.163827
	}
}
{Extender "preview"
	{"Stuff"
		{camera
			{origin 9.37618	-0.576746	1.23424}
			{lookat -33.8727	5.80476	-5.48019}
			{fov 45}
			{horizon 100.842}
		}
		{lights
			{"0"
				{type point}
				{position -52.3837	28.8142	6.88044}
			}
			{"1"
				{type directional}
				{direction -0.450514	0.063506	-0.207374}
			}
			{"2"
				{type point}
				{position -61.5956	-13.2467	-14.9153}
			}
		}
	}
	{"Stuff_primary"
		{camera
			{origin 11.7934	-0.487909	0.680467}
			{lookat -33.3373	4.82995	-6.45013}
			{fov 45}
			{horizon 101.947}
		}
		{lights
			{"0"
				{type point}
				{position -50.1595	26.5063	-9.89001}
			}
			{"1"
				{type directional}
				{direction -0.454699	0.0266275	-0.206253}
			}
			{"2"
				{type point}
				{position -59.6366	-18.6874	-23.9166}
			}
		}
	}
}
