;Exported by: Martin
;Date:        Tue Sep 12 14:51:00 2017
;File:        F:\Work\Digitalmindsoft\Work\Animation\Soldier\Civilian\Civlian_male1.max
{Skeleton
	{bone revolute "basis"
		{limits -30 30}
		{speed 0.1}
		{Orientation
			1	0	0
			0	-1	0
			0	0	1
		}
		{bone "body"
			{Matrix34
				0	0	1
				0	-1	0
				1	0	0
				0	0.0344553	19.9224
			}
			{bone "foot1l"
				{Matrix34
					-0.993535	-0.0202594	0.111708
					0.11167	0.00297454	0.993741
					0.0204649	-0.99979	0.000692933
					-0.143509	-2.13095	-0.488995
				}
				{bone "foot2l"
					{Matrix34
						0.952382	-0.304908	-0.000107976
						0.304908	0.952382	-4.07626e-05
						0.000115262	0	1
						9.37838	-0.0471723	0
					}
					{bone "bone06"
						{Matrix34
							0.221381	0.973964	0.0488399
							-0.972284	0.216583	0.0880677
							0.0751968	-0.0669827	0.994916
							8.74023	0.113252	0.00567889
						}
					}
					{bone "foot3l"
						{Matrix34
							0.0905535	0.979616	0.179312
							0.00345661	-0.18036	0.983595
							0.995885	-0.0884482	-0.0197184
							9.2003	-0.34629	-0.0729969
						}
						{bone "bone07"
							{Position 2.60015	0	0}
						}
					}
				}
			}
			{bone revolute "ik_leftright"
				{limits -20 20}
				{speed 0.1}
				{Matrix34
					0	0	1
					0	-1	0
					1	0	0
					1.90368	0.0344548	0
				}
				{bone "ik_socket"
					{Matrix34
						0	1	0
						1	0	0
						0	0	1
						0	0	0
					}
					{bone "compensate"
						{Matrix34
							0	1	0
							1	0	0
							0	0	1
							0	0	0
						}
						{bone revolute "ik_updown"
							{limits -40 20}
							{speed 0.1}
							{Matrix34
								1	0	0
								0	0	1
								0	-1	0
								0	0	1.66801
							}
							{bone "head"
								{Matrix34
									0.999952	0.00413703	-0.00886165
									-0.00885884	-0.000694277	-0.99996
									-0.00414242	0.999991	-0.000657678
									0	7.21457	0
								}
								{bone "visor"
									{Matrix34
										1	0	0
										0	1	0
										0	0	1
										2.31916	0	2.33291
									}
								}
								{bone "helmet_link"
									{Matrix34
										0.00885571	0.999961	0.000665107
										-0.998741	0.00887773	-0.0493835
										-0.0493867	-0.000226987	0.99878
										0.429209	-0.00263457	2.93855
									}
								}
								{bone "head_skin"
									{Matrix34
										0.00885555	0.999961	0.000668132
										-0.999952	0.00885269	0.00414253
										0.00413705	-0.000704623	0.999991
										0.580935	-0.00686545	2.43855
									}
									{LODView
										{VolumeView "head_skin4.ply"}
										{VolumeView "head_skin4_lod1.ply"}
										{VolumeView "head_skin4_lod2.ply"}
									}
								}
							}
							{bone "gun_back"
								{Matrix34
									0.00647848	0.996053	0.0885296
									-0.106389	0.0887155	-0.990359
									-0.994303	-0.00300312	0.106544
									-4.16774	-4.2536	2.42593
								}
							}
							{bone "clavicle_right"
								{Position -0.139178	6.12487	1.17253}
								{bone "hand1r"
									{Matrix34
										0.0313524	-0.248122	0.968221
										0.9728	0.230015	0.0274444
										-0.229515	0.941025	0.248585
										0.0503404	-0.225975	2.95336
									}
									{bone "hand2r"
										{Matrix34
											0.460802	0.887503	0
											-0.887503	0.460802	0
											0	0	1
											6.26813	0	0
										}
										{bone "hand3r"
											{Matrix34
												0.982611	-0.185677	0
												0.185676	0.982611	0
												0	0	1
												5.19218	0	0
											}
										}
										{bone "right_hand"
											{Matrix34
												0.968615	-0.225094	0.105442
												0.191903	0.946804	0.258332
												-0.157981	-0.22999	0.960285
												6.33401	0.913939	-0.654926
											}
										}
										{bone "hand_rot1r"
											{Matrix34
												0.00333649	-0.999958	0.00855827
												-0.999992	-0.00331752	0.00210692
												-0.00207908	-0.00856459	-0.999961
												5.19224	0	0
											}
											{bone "palm1r"
												{Matrix34
													-0.963565	-0.249481	-0.0964401
													-0.0459582	-0.20077	0.97856
													-0.263496	0.947338	0.181991
													0.0853548	-0.397722	0.0915813
												}
												{bone "palm2r"
													{Matrix34
														-0.0995163	0.561583	-0.821414
														-0.0593477	0.820693	0.56828
														0.993265	0.1053	-0.0483422
														0.146143	0.242287	-1.25751
													}
													{bone "palm3r"
														{Matrix34
															0.304929	0.952376	0
															-0.952376	0.304927	0
															0	0	1
															0.581881	-0.000116348	0
														}
													}
												}
												{bone "righthandindex1"
													{parameters "LastPose = undefined;"}
													{Matrix34
														0.264357	0.207069	-0.941933
														-0.197279	-0.944416	-0.262983
														-0.944032	0.255345	-0.208814
														0.736827	-0.0176964	-1.47122
													}
													{bone "righthandindex2"
														{Matrix34
															1	0	0
															0	1	0
															0	0	1
															0.858057	0	0
														}
														{bone "righthandindex3"
															{Matrix34
																1	0	0
																0	1	0
																0	0	1
																0.64282	0	0
															}
														}
													}
												}
												{bone "righthandmiddle1"
													{parameters "LastPose = undefined;"}
													{Matrix34
														0.0964128	0.248263	-0.963883
														-0.197277	-0.944416	-0.262983
														-0.975596	0.215506	-0.0420786
														0.279718	0.0875168	-1.50613
													}
													{bone "righthandmiddle2"
														{Matrix34
															1	0	0
															0	1	0
															0	0	1
															0.991685	0	0
														}
														{bone "righthandmiddle3"
															{Matrix34
																1	0	-1.90111e-05
																0	1	0
																2.02004e-05	0	1
																0.741715	0	0
															}
														}
													}
												}
												{bone "righthandring1"
													{parameters "LastPose = undefined;"}
													{Matrix34
														-0.0744618	0.281914	-0.956546
														-0.197278	-0.944416	-0.262983
														-0.977516	0.169123	0.125937
														-0.181876	0.189148	-1.52485
													}
													{bone "righthandring2"
														{parameters "LastPose = undefined;"}
														{Matrix34
															1	0	0
															0	1	0
															0	0	1
															0.858056	0	0
														}
														{bone "righthandring3"
															{Matrix34
																1	0	0
																0	1	-6.9052e-05
																0	7.10785e-05	1
																0.642819	0	0
															}
														}
													}
												}
												{bone "righthandpinky1"
													{parameters "LastPose = undefined;"}
													{Matrix34
														-0.243076	0.306999	-0.920144
														-0.197278	-0.944416	-0.262984
														-0.949735	0.117599	0.290128
														-0.611533	0.282129	-1.53645
													}
													{bone "righthandpinky2"
														{Matrix34
															1	0	1.42753e-05
															0	1	0
															-1.33738e-05	0	1
															0.716183	0	0
														}
														{bone "righthandpinky3"
															{Matrix34
																1	0	0
																0	1	-4.83394e-05
																0	4.98891e-05	1
																0.535685	0	0
															}
														}
													}
												}
												{bone "righthandthumb1"
													{Matrix34
														0.718793	0.324476	-0.614859
														0.527117	-0.831012	0.177674
														-0.453305	-0.451813	-0.768363
														0.606989	-0.128698	-0.0563564
													}
													{bone "righthandthumb2"
														{Matrix34
															1	-1.52141e-05	1.74902e-05
															1.52439e-05	1	0
															-1.68234e-05	0	1
															1.02929	0	0
														}
														{bone "righthandthumb3"
															{Matrix34
																1	0	-1.32173e-05
																0	1	0
																1.38469e-05	0	1
																0.73094	0	0
															}
														}
													}
												}
											}
										}
									}
								}
							}
							{bone "clavicle_left"
								{Position -0.139178	6.12487	-1.18112}
								{bone "hand1l"
									{Matrix34
										0.0307142	-0.248445	-0.968159
										0.97283	0.229809	-0.0281101
										0.229475	-0.94099	0.248754
										0.0503407	-0.225975	-2.95273
									}
									{bone "hand2l"
										{Matrix34
											0.458669	0.888607	0
											-0.888607	0.458669	0
											0	0	1
											6.26813	0	0
										}
										{bone "hand3l"
											{Matrix34
												0.982611	-0.185677	0
												0.185676	0.982611	0
												0	0	1
												5.19218	0	0
											}
										}
										{bone "left_hand"
											{Matrix34
												0.275672	0.823504	-0.495828
												0.00418913	-0.516839	-0.856072
												-0.961242	0.23392	-0.145927
												5.99778	-0.667306	0.409924
											}
										}
										{bone "hand_rot1l"
											{Matrix34
												0.0013026	-0.999932	0.0116372
												-0.999999	-0.00131376	-0.00103799
												0.00105401	-0.0116362	-0.999932
												5.25743	-0.000658989	-0.00162315
											}
											{bone "palm1l"
												{Matrix34
													0.965404	0.24925	-0.0766089
													-0.0261243	-0.199865	-0.979475
													-0.259447	0.947591	-0.186439
													0.0886898	-0.337658	-0.09161
												}
												{bone "palm2l"
													{Matrix34
														-0.00578135	0.491333	-0.870953
														-0.00434369	-0.870971	-0.491315
														-0.999974	0.000943184	0.00717021
														-0.0738363	0.242491	-1.26342
													}
													{bone "palm3l"
														{Matrix34
															0.578449	-0.815719	0
															0.815719	0.578449	0
															0	0	1
															0.578552	0.000165939	0
														}
													}
												}
												{bone "lefthandindex1"
													{Matrix34
														-0.264357	0.207069	-0.941933
														-0.19728	0.944416	0.262984
														0.944032	0.255345	-0.208813
														-0.736826	-0.0176983	-1.47122
													}
													{bone "lefthandindex2"
														{Matrix34
															1	0	0
															0	1	0
															0	0	1
															0.858052	0	0
														}
														{bone "lefthandindex3"
															{Matrix34
																1	-1.0252e-05	0
																0	1	0
																0	0	1
																0.642821	0	0
															}
														}
													}
												}
												{bone "lefthandmiddle1"
													{Matrix34
														-0.0964116	0.248264	-0.963883
														-0.197277	0.944416	0.262984
														0.975596	0.215506	-0.0420771
														-0.279717	0.087513	-1.50614
													}
													{bone "lefthandmiddle2"
														{Matrix34
															1	0	0
															-1.12746e-05	1	0
															0	0	1
															0.991682	0	0
														}
														{bone "lefthandmiddle3"
															{Matrix34
																1	0	-1.96639e-05
																0	1	0
																2.05347e-05	0	1
																0.741717	0	0
															}
														}
													}
												}
												{bone "lefthandring1"
													{Matrix34
														0.0744625	0.281914	-0.956546
														-0.197277	0.944416	0.262984
														0.977516	0.169122	0.125937
														0.181882	0.189142	-1.52485
													}
													{bone "lefthandring2"
														{Matrix34
															1	0	0
															0	1	0
															0	0	1
															0.858051	0	0
														}
														{bone "lefthandring3"
															{Matrix34
																1	0	0
																0	1	7.06613e-05
																0	-7.13766e-05	1
																0.642824	0	0
															}
														}
													}
												}
												{bone "lefthandpinky1"
													{Matrix34
														0.243077	0.306999	-0.920144
														-0.197278	0.944416	0.262983
														0.949735	0.117599	0.290128
														0.611539	0.282122	-1.53644
													}
													{bone "lefthandpinky2"
														{Matrix34
															1	0	1.45361e-05
															0	1	0
															-1.31652e-05	0	1
															0.716187	0	0
														}
														{bone "lefthandpinky3"
															{Matrix34
																1	0	0
																0	1	4.93824e-05
																0	-4.98295e-05	1
																0.535683	0	0
															}
														}
													}
												}
												{bone "lefthandthumb1"
													{Matrix34
														-0.718791	0.324476	-0.614861
														0.527118	0.831011	-0.177673
														0.453306	-0.451814	-0.768361
														-0.606986	-0.128698	-0.0563641
													}
													{bone "lefthandthumb2"
														{Matrix34
															1	1.29119e-05	1.62534e-05
															-1.37687e-05	1	0
															-1.62795e-05	0	1
															1.02929	0	0
														}
														{bone "lefthandthumb3"
															{Matrix34
																1	-1.08331e-05	-1.44243e-05
																1.017e-05	1	0
																1.43796e-05	0	1
																0.730939	0	0
															}
														}
													}
												}
											}
										}
									}
								}
							}
						}
					}
				}
			}
			{bone revolute "placement"
				{Matrix34
					0	1	0
					-1	0	0
					0	0	1
					0.783108	0	0
				}
			}
			{bone "foot1r"
				{Matrix34
					-0.993574	0.0113923	0.112613
					0.112601	-0.00168422	0.993639
					0.0115095	0.999934	0.000390607
					-0.143518	2.17103	-0.488755
				}
				{bone "foot2r"
					{Matrix34
						0.951795	-0.306736	-0.000104569
						0.306736	0.951795	-3.94722e-05
						0.000111624	0	1
						9.37831	-0.0472317	0
					}
					{bone "bone03"
						{Matrix34
							0.221381	0.973964	0.0488399
							-0.972284	0.216583	0.0880677
							0.0751968	-0.0669827	0.994916
							8.74023	0.113253	0.00567889
						}
					}
					{bone "foot3r"
						{Matrix34
							0.0880284	0.974738	0.205272
							0.00721264	0.205443	-0.978643
							-0.996092	0.0876286	0.0110544
							9.2003	-0.346289	-0.0729971
						}
						{bone "bone05"
							{Position 2.60015	0	0}
						}
					}
				}
			}
		}
		{bone "ik_chain03"
			{Matrix34
				1	0	0
				0	-1	0
				0	0	1
				-1.09561	2.53715	1.86587
			}
		}
		{bone "ik_chain04"
			{Matrix34
				1	0	0
				0	-1	0
				0	0	1
				3.29347	3.4301	0.0514984
			}
		}
		{bone "ik_chain02"
			{Position 3.29347	-3.36689	0.0514994}
		}
		{bone "ik_chain01"
			{Position -1.09561	-2.34785	1.86587}
		}
		{bone "ik_chain06"
			{Matrix34
				1	0	0
				0	0.999873	0.0159503
				0	-0.0159503	0.999873
				4.66535	12.6378	28.3042
			}
		}
		{bone revolute "foresight2rot"
			{limits -20 20}
			{speed 0.1}
			{Position 13.7429	0.0246876	27.5947}
		}
		{bone "skin"
			{LODView
				{VolumeView "skin.ply"}
				{VolumeView "skin_lod1.ply"}
				{VolumeView "skin_lod2.ply"}
			}
		}
	}
}
