;Exported by: Xpycmb
;Date:        Wed Jan  3 20:10:01 2024
;File:        C:\Users\Xpycmb\Documents\3ds Max 2020\scenes\skirmisher_base_shotgun.max
{Skeleton
	(include "anim_instance.inc")	
	{bone revolute "basis"
		{limits 0 -0}
		{speed 0.2}
		{terminator}
		{Orientation
			1	0	0
			0	-1	0
			0	0	1
		}
		{bone "health"
			{Matrix34
				0	1	0
				-1	0	0
				0	0	1
				0	0	1567.67
			}
		}
		{bone revolute "h_dr_signal"
			{limits -90 90}
			{speed 1}
			{Matrix34
				0.999995	0.000183246	-0.00329533
				-0.00018367	1	-0.000122459
				0.00329531	0.000123064	0.999995
				7.00171	0	28.296
			}
			{bone revolute "v_dr_signal"
				{limits -45 45}
				{speed 1}
				{Matrix34
					-0.00717313	0.0366931	-0.999301
					0.998937	0.0457629	-0.00548418
					0.045527	-0.998278	-0.0369853
					-0.00837088	-0.000312424	2.54045
				}
				{bone "foresight_signal"
					{Matrix34
						-0.00405356	0.998722	0.0503847
						0.0367138	0.0505042	-0.998049
						-0.999317	-0.00218347	-0.0368779
						1.37032	1.03443	1.7642
					}
				}
			}
		}
		{bone "placement"
		}
		{bone "move"
			{parameters "hkaSkeleton = Reference;hkaBone = 0;"}
			{bone "reference"
				{parameters "hkaSkeleton = Reference;hkaBone = 0;"}
				{Orientation
					0	-1	0
					0	0	1
					-1	0	0
				}
				{bone "hips"
					{parameters "hkaSkeleton = Reference;hkaBone = 1;"}
					{Matrix34
						0	0.574946	-0.818192
						0	0.818192	0.574945
						1	0	0
						0	18.5448	0
					}
					{bone "spine"
						{parameters "hkaSkeleton = Reference;hkaBone = 2;"}
						{Matrix34
							0.99531	-0.0967343	0
							0.0967344	0.99531	0
							0	0	1
							0.692067	0	0
						}
						{bone "spine1"
							{parameters "hkaSkeleton = Reference;hkaBone = 3;"}
							{Matrix34
								0.718443	-0.695516	-0.00986703
								0.69553	0.718493	-0.00255697
								0.00886806	-0.00502657	0.999948
								4.34501	0	0
							}
							{bone "rightarm"
								{parameters "hkaSkeleton = Reference;hkaBone = 7;"}
								{Matrix34
									-0.119982	0.992721	-0.0104697
									0.989859	0.118815	-0.0778665
									-0.0760564	-0.0197056	-0.996909
									4.66851	-2.31441	2.27845
								}
								{bone "rightforearm"
									{parameters "hkaSkeleton = Reference;hkaBone = 8;"}
									{Matrix34
										0.805101	-0.592219	0.0329936
										-0.593068	-0.802902	0.0601701
										-0.00914388	-0.0680099	-0.997643
										-6.28316	0	-1.04904e-05
									}
									{bone "righthand"
										{parameters "hkaSkeleton = Reference;hkaBone = 9;"}
										{Matrix34
											0.950069	0.31178	-0.0127209
											-0.311927	0.950032	-0.0118999
											0.00837426	0.0152735	0.999848
											-8.08633	0	0
										}
										{bone "righthandindex1"
											{parameters "hkaSkeleton = Reference;hkaBone = 10;"}
											{Matrix34
												0.990681	-0.131485	-0.0355283
												0.129921	0.99058	-0.0432636
												0.0408811	0.0382447	0.998432
												-3.28498	-1.23978e-05	0
											}
											{bone "righthandpinky1"
												{parameters "hkaSkeleton = Reference;hkaBone = 11;"}
												{Matrix34
													0.850537	0.524532	-0.0381236
													-0.525293	0.850821	-0.0130747
													0.0255772	0.0311465	0.999188
													-1.63452	-0.0249577	0.665131
												}
												{bone "righthandpinky2"
													{parameters "hkaSkeleton = Reference;hkaBone = 12;"}
													{Position -1.35302	0	0}
												}
											}
											{bone "righthandmiddle1"
												{parameters "hkaSkeleton = Reference;hkaBone = 13;"}
												{Matrix34
													0.850772	0.521831	0.0622876
													-0.523868	0.851528	0.0215024
													-0.04182	-0.0509242	0.997827
													-1.59568	0.0249844	-0.665145
												}
												{bone "righthandmiddle2"
													{parameters "hkaSkeleton = Reference;hkaBone = 14;"}
													{Position -1.34002	0	0}
												}
											}
											{bone "righthandthumb1"
												{parameters "hkaSkeleton = Reference;hkaBone = 15;"}
												{Matrix34
													-0.0111713	-0.999074	-0.0415438
													-0.999367	0.0125591	-0.033298
													0.0337899	0.0411456	-0.998582
													-0.29751	1.66193	0.113916
												}
												{bone "righthandthumb2"
													{parameters "hkaSkeleton = Reference;hkaBone = 16;"}
													{Position -0.81394	0	0}
												}
											}
											{bone "righthandtoe_sm"
												{parameters "ID=RightHandToe;"}
												{Matrix34
													-0.6336	-0.771827	-0.0532395
													0.0339404	0.0410196	-0.998582
													0.772915	-0.634509	0.000205204
													-0.979689	0.236294	0.0730922
												}
												{VolumeView "righthandtoe_sm.ply"}
												{bone "footstep_hooffront_r"
													{Matrix34
														1	0	-0.000178005
														0	1	0
														0.000178716	0	1
														-0.000217438	0.0462661	-1.20376
													}
												}
											}
											{bone "rightpiston_forearmtoindex_frontbaselower"
												{parameters "Clear;"}
												{Matrix34
													0.979307	-0.20063	0.0265449
													-0.199277	-0.978844	-0.0464139
													0.0352963	0.0401637	-0.99857
													-0.306799	1.1386	0.0911262
												}
												{bone "rightpiston_forearmtoindex_frontlimitdown"
													{parameters "Clear;"}
													{Matrix34
														-0.999998	-0.00138086	0.00138222
														-0.00138265	0.999998	-0.00138087
														-0.00138121	-0.00138257	-0.999998
														0.821027	0	0
													}
												}
												{bone "rightpiston_forearmtoindex_frontdeformend"
													{parameters "Clear;"}
													{Matrix34
														-0.999998	-0.00138086	0.00138222
														-0.00138265	0.999998	-0.00138087
														-0.00138121	-0.00138257	-0.999998
														2.00765	0	0
													}
												}
											}
										}
										{bone "righthand_sm"
											{parameters "ID=RightHand;"}
											{Matrix34
												-0.730149	-0.683283	0.00274568
												-0.00187058	-0.00201883	-0.999996
												0.683285	-0.730152	0.000194971
												-2.98537	-0.298102	0.0963254
											}
											{VolumeView "righthand_sm.ply"}
										}
									}
									{bone "rightforearm_sm"
										{parameters "ID=RightForeArm;"}
										{Matrix34
											-0.480661	-0.876675	0.0201637
											-0.00966582	-0.0176954	-0.999797
											0.876853	-0.480759	3.10147e-05
											-3.66702	-0.12367	-0.223574
										}
										{VolumeView "rightforearm_sm.ply"}
										{bone "blade_r_link"
											{Matrix34
												0	1	-3.12221e-05
												-1	0	3.4343e-05
												3.44898e-05	3.15026e-05	1
												-3.04903	-0.204935	1.61954
											}
											{bone "blade_r"
												{parameters "ID=RightForeArm;"}
												{Position 0	0	0}
												{VolumeView "blade_r.ply"}
											}
											{bone "blade_joint2_r"
												{Matrix34
													0.999579	-0.00551764	0.0284857
													0.022227	0.776668	-0.629518
													-0.0186506	0.629885	0.776464
													-0.00705552	-1.24972	-2.58479
												}
											}
											{bone "blade_tail_r"
												{Matrix34
													0.999579	-0.00508912	0.0285653
													0.0222268	0.767128	-0.64111
													-0.0186506	0.641474	0.766918
													0.0264132	-4.58451	-6.66588
												}
											}
											{bone "blade_joint_r"
												{Matrix34
													1	-0.000222726	0
													0.000222649	0.99997	-0.00767702
													0	0.00767703	0.999971
													-0.0274186	0.0409527	0.0114851
												}
											}
										}
									}
									{bone "rightpiston_armtoforearm_frontbasedeform"
										{parameters "Clear;"}
										{Matrix34
											-0.00969364	-0.0176815	-0.999797
											0.993759	-0.111283	-0.00766793
											-0.111125	-0.993631	0.0186502
											-2.96299	-1.58293	0.0197477
										}
										{bone "rightpiston_armtoforearm_frontlimitdown"
											{parameters "Clear;"}
											{Matrix34
												-0.999998	-0.00138138	0.00138293
												-0.00138244	0.999998	-0.00137982
												-0.00138073	-0.00138193	-0.999998
												0.652675	0	0
											}
										}
										{bone "rightpiston_armtoforearm_frontdeformend"
											{parameters "Clear;"}
											{Matrix34
												-0.999998	-0.00138138	0.00138293
												-0.00138244	0.999998	-0.00137982
												-0.00138073	-0.00138193	-0.999998
												1.80155	0	0
											}
										}
									}
									{bone "rightpiston_armtoforearm_backbasedeform"
										{parameters "Clear;"}
										{Matrix34
											0.737887	-0.674889	0.00685896
											0.674875	0.737673	-0.0195696
											0.00814678	0.0190689	0.999785
											1.38287	0.346343	-0.0689292
										}
										{bone "rightpiston_armtoforearm_backlimitdown"
											{parameters "Clear;"}
											{Position 0.623954	0	0}
										}
										{bone "rightpiston_armtoforearm_backdeformend"
											{parameters "Clear;"}
											{Position 1.81417	0	0}
										}
									}
									{bone "rightpiston_forearmtoindex_frontbaseupper"
										{parameters "Clear;"}
										{Matrix34
											-0.999785	0.0180541	0.0102012
											-0.0178679	-0.999677	0.0180541
											0.010523	0.0178678	0.999785
											-8.15296	-0.018693	0.0504241
										}
										{bone "rightpiston_forearmtoindex_frontlimitup"
											{parameters "Clear;"}
											{Position 1.33233	0	0}
										}
									}
									{bone "rightpiston_armtoforearm"
										{parameters "ID=RightPiston_ArmToForeArm;"}
										{Matrix34
											-0.00969421	-0.0176814	-0.999797
											0.480691	0.876658	-0.0201649
											0.876836	-0.480789	0
											-0.398755	-1.74732	0.00417304
										}
										{VolumeView "rightpiston_armtoforearm.ply"}
									}
									{bone "rightpiston_armtoforearm_frontbasedeform_target"
										{Matrix34
											0.993943	-0.109744	-0.00583599
											0.00784469	0.017889	0.999809
											-0.109619	-0.993799	0.018642
											-2.96299	-1.58293	0.0197463
										}
									}
								}
								{bone "rightarm_sm"
									{parameters "ID=Rightarm;"}
									{Matrix34
										0.132731	0.987173	-0.0887244
										0.0118246	0.0879324	0.996056
										0.991082	-0.133257	0
										-3.1207	0.0734658	0.0730126
									}
									{VolumeView "rightarm_sm.ply"}
									{bone "armour_shoulder_right"
										{parameters "ID=armour_shoulder_right;"}
										{Matrix34
											1	0	0
											0	1	0
											0	0	1
											1.6132	-0.36724	2.60323
										}
										{VolumeView "armour_shoulder_right.ply"}
									}
								}
								{bone "rightpiston_armtoforearm_frontbaseupper"
									{parameters "Clear;"}
									{Matrix34
										-0.86548	0.499931	-0.0318287
										0.50074	0.861569	-0.0834191
										-0.0142819	-0.0881352	-0.996006
										-3.54205	0.613232	-0.049567
									}
									{bone "rightpiston_armtoforearm_frontlimitup"
										{parameters "Clear;"}
										{Matrix34
											1	0	0
											0	0	1
											0	-1	0
											1.99689	0	0
										}
									}
								}
								{bone "rightpiston_armtoforearm_backbaseupper"
									{parameters "Clear;"}
									{Matrix34
										-0.994624	-0.101248	0.0217524
										0.102775	-0.990863	0.0873434
										0.0127109	0.0891088	0.995941
										-1.85876	-0.727045	0.0612381
									}
									{bone "rightpiston_armtoforearm_backlimitup"
										{parameters "Clear;"}
										{Matrix34
											-0.999998	-0.00138089	0.001383
											-0.00138256	0.999998	-0.00138045
											-0.00138055	-0.00138303	-0.999998
											1.39869	0	0
										}
									}
								}
								{bone "rightpiston_armtoforearm_frontbaseupper_target"
									{Matrix34
										-0.86714	0.497017	-0.0323023
										0.0136315	0.088512	0.995982
										0.497879	0.863215	-0.0835276
										-3.54205	0.613232	-0.0495675
									}
								}
							}
							{bone "leftarm"
								{parameters "hkaSkeleton = Reference;hkaBone = 40;"}
								{Matrix34
									0.120215	-0.992661	-0.0131742
									-0.988123	-0.118365	-0.0979916
									0.0957121	0.0247983	-0.9951
									4.71268	-2.30297	-2.19767
								}
								{bone "leftforearm"
									{parameters "hkaSkeleton = Reference;hkaBone = 41;"}
									{Matrix34
										0.805101	-0.59222	0.0329927
										-0.593067	-0.802902	0.0601699
										-0.00914336	-0.0680106	-0.997643
										6.28316	1.43051e-05	0
									}
									{bone "lefthand"
										{parameters "hkaSkeleton = Reference;hkaBone = 42;"}
										{Matrix34
											0.950069	0.31178	-0.0127201
											-0.311926	0.950032	-0.0119
											0.00837515	0.0152738	0.999848
											8.08634	0	0
										}
										{bone "lefthandindex1"
											{parameters "hkaSkeleton = Reference;hkaBone = 43;"}
											{Matrix34
												0.990681	-0.131485	-0.0355274
												0.129921	0.99058	-0.0432637
												0.040882	0.0382447	0.998432
												3.28498	0	0
											}
											{bone "lefthandpinky1"
												{parameters "hkaSkeleton = Reference;hkaBone = 44;"}
												{Matrix34
													0.850537	0.524532	-0.0381228
													-0.525293	0.850821	-0.0130752
													0.025578	0.0311465	0.999188
													1.63451	0.0249615	-0.665131
												}
												{bone "lefthandpinky2"
													{parameters "hkaSkeleton = Reference;hkaBone = 45;"}
													{Position 1.35302	0	0}
												}
											}
											{bone "lefthandmiddle1"
												{parameters "hkaSkeleton = Reference;hkaBone = 46;"}
												{Matrix34
													0.850772	0.521831	0.0622883
													-0.523868	0.851528	0.0215019
													-0.0418191	-0.0509241	0.997827
													1.59567	-0.0249777	0.665134
												}
												{bone "lefthandmiddle2"
													{parameters "hkaSkeleton = Reference;hkaBone = 47;"}
													{Position 1.34002	0	0}
												}
											}
											{bone "lefthandthumb1"
												{parameters "hkaSkeleton = Reference;hkaBone = 48;"}
												{Matrix34
													-0.0111715	-0.999074	-0.0415438
													-0.999367	0.012559	-0.0332989
													0.0337891	0.0411455	-0.998582
													0.297503	-1.66193	-0.113919
												}
												{bone "lefthandthumb2"
													{parameters "hkaSkeleton = Reference;hkaBone = 49;"}
													{Position 0.813941	0	0}
												}
											}
											{bone "lefthandtoe_sm"
												{parameters "ID=LeftHandToe;"}
												{Matrix34
													0.633882	0.771595	0.0532406
													0.0339222	0.0410344	-0.998582
													-0.772686	0.634788	-0.000163856
													0.979692	-0.236296	-0.0731113
												}
												{VolumeView "lefthandtoe_sm.ply"}
												{bone "footstep_hooffront_l"
													{Matrix34
														1	0	0.000185222
														0	1	0
														-0.000186685	0	1
														0.000226974	-0.0193534	-1.20373
													}
												}
											}
											{bone "leftpiston_forearmtoindex_frontbaselower"
												{parameters "Clear;"}
												{Matrix34
													0.97883	-0.203326	0.0234512
													-0.202016	-0.97816	-0.0489169
													0.0328844	0.0431438	-0.998528
													0.306789	-1.1386	-0.0911311
												}
												{bone "leftpiston_forearmtoindex_frontlimitdown"
													{parameters "Clear;"}
													{Matrix34
														-0.999998	-0.00138047	0.00138308
														-0.00138304	0.999998	-0.00138071
														-0.00138041	-0.00138283	-0.999998
														-0.821023	0	0
													}
												}
												{bone "leftpiston_forearmtoindex_frontdeformend"
													{parameters "Clear;"}
													{Matrix34
														-0.999998	-0.00138047	0.00138308
														-0.00138304	0.999998	-0.00138071
														-0.00138041	-0.00138283	-0.999998
														-2.00766	0	0
													}
												}
											}
										}
										{bone "lefthand_sm"
											{parameters "ID=LeftHand;"}
											{Matrix34
												0.730398	0.683017	-0.00274488
												-0.0018868	-0.00200191	-0.999996
												-0.68302	0.730399	-0.000173949
												2.98537	0.298096	-0.0963454
											}
											{VolumeView "lefthand_sm.ply"}
										}
									}
									{bone "leftforearm_sm"
										{parameters "ID=LeftForeArm;"}
										{Matrix34
											0.480699	0.876654	-0.0201632
											-0.00968492	-0.0176859	-0.999797
											-0.876833	0.480796	-1.20252e-05
											3.66702	0.123672	0.22356
										}
										{VolumeView "leftforearm_sm.ply"}
										{bone "blade_l_link"
											{Matrix34
												0	0.999579	0.0290269
												-0.983443	0.00525958	-0.181139
												-0.181215	-0.028546	0.983029
												-3.04909	0.175896	1.60847
											}
											{bone "blade_l"
												{parameters "ID=LeftForeArm;"}
												{Position 0	0	0}
												{VolumeView "blade_l.ply"}
											}
											{bone "blade_joint_l"
												{Matrix34
													0.999362	-0.0241035	-0.0263545
													0.0284535	0.983322	0.179632
													0.0215852	-0.180267	0.983381
													0	0	0
												}
											}
											{bone "blade_joint2_l"
												{Matrix34
													0.999362	-0.0241035	-0.0263545
													0.00792197	0.869142	-0.4945
													0.0348248	0.493975	0.868778
													-0.0661557	-0.762068	-2.77387
												}
											}
											{bone "blade_tail_l"
												{Matrix34
													0.999362	-0.0241035	-0.0263545
													0.00792199	0.869142	-0.4945
													0.0348248	0.493975	0.868778
													-0.249057	-3.30627	-7.38265
												}
											}
										}
									}
									{bone "leftpiston_armtoforearm_frontbasedeform"
										{parameters "Clear;"}
										{Matrix34
											-0.993759	0.111284	0.00766729
											0.00969466	0.0176805	0.999797
											0.111126	0.993632	-0.0186485
											2.96299	1.58295	-0.0197537
										}
										{bone "leftpiston_armtoforearm_frontlimitdown"
											{parameters "Clear;"}
											{Matrix34
												-0.999998	-0.00138034	0.00138298
												-0.00138311	0.999998	-0.00138058
												-0.00138053	-0.00138315	-0.999998
												-0.652671	0	0
											}
										}
										{bone "leftpiston_armtoforearm_frontdeformend"
											{parameters "Clear;"}
											{Matrix34
												-0.999998	-0.00138034	0.00138298
												-0.00138311	0.999998	-0.00138058
												-0.00138053	-0.00138315	-0.999998
												-1.80155	0	0
											}
										}
									}
									{bone "leftpiston_armtoforearm_backbasedeform"
										{parameters "Clear;"}
										{Matrix34
											0.739879	-0.672732	0.00325649
											0.672671	0.739723	-0.0179985
											0.00970015	0.0155075	0.999833
											-1.38288	-0.346342	0.0689204
										}
										{bone "leftpiston_armtoforearm_backlimitdown"
											{parameters "Clear;"}
											{Position -0.623967	0	0}
										}
										{bone "leftpiston_armtoforearm_backdeformend"
											{parameters "Clear;"}
											{Position -1.81418	0	0}
										}
									}
									{bone "leftpiston_forearmtoindex_frontbaseupper"
										{parameters "Clear;"}
										{Matrix34
											-0.999856	0.0152557	0.00748312
											-0.0151407	-0.999769	0.0152558
											0.00771504	0.0151406	0.999856
											8.15295	0.0187044	-0.0504236
										}
										{bone "leftpiston_forearmtoindex_frontlimitup"
											{parameters "Clear;"}
											{Position -1.33234	0	0}
										}
									}
									{bone "leftpiston_armtoforearm"
										{parameters "ID=LeftPiston_ArmToForeArm;"}
										{Matrix34
											-0.00969524	-0.0176806	-0.999797
											-0.480694	-0.876657	0.0201639
											-0.876835	0.480791	0
											0.398752	1.74734	-0.00418568
										}
										{VolumeView "leftpiston_armtoforearm.ply"}
									}
									{bone "leftpiston_armtoforearm_frontbasedeform_target"
										{Matrix34
											-0.993759	0.111284	0.00766713
											0.00969413	0.0176791	0.999797
											0.111126	0.993631	-0.0186474
											2.96299	1.58294	-0.0197537
										}
									}
								}
								{bone "leftarm_sm"
									{parameters "ID=leftarm;"}
									{Matrix34
										-0.13272	-0.987175	0.0887235
										0.0118321	0.0879317	0.996056
										-0.991083	0.133246	1.12131e-05
										3.1207	-0.073462	-0.0729969
									}
									{VolumeView "leftarm_sm.ply"}
									{bone "armour_shoulder_left"
										{parameters "ID=armour_shoulder_left;"}
										{Matrix34
											1	0	0
											0	1	1.03031e-05
											0	0	1
											1.61317	0.510164	2.60326
										}
										{VolumeView "armour_shoulder_left.ply"}
									}
								}
								{bone "leftpiston_armtoforearm_frontbaseupper"
									{parameters "Clear;"}
									{Matrix34
										0.866146	-0.498652	0.0337403
										0.0118223	0.0879334	0.996056
										-0.499652	-0.862331	0.0820579
										3.54204	-0.61323	0.0495751
									}
									{bone "leftpiston_armtoforearm_frontlimitup"
										{parameters "Clear;"}
										{Position -1.9969	0	0}
									}
								}
								{bone "leftpiston_armtoforearm_backbaseupper"
									{parameters "Clear;"}
									{Matrix34
										-0.994381	-0.104147	0.018973
										0.10539	-0.990817	0.0847067
										0.00997622	0.0862311	0.996225
										1.85874	0.72705	-0.0612319
									}
									{bone "leftpiston_armtoforearm_backlimitup"
										{parameters "Clear;"}
										{Matrix34
											-0.999998	0.00138272	-0.00138108
											0.00138076	0.999998	0.00138232
											0.00138248	0.00138117	-0.999998
											-1.39869	0	0
										}
									}
								}
								{bone "leftpiston_armtoforearm_frontbaseupper_target"
									{Matrix34
										0.866145	-0.498653	0.0337403
										0.0118218	0.0879323	0.996056
										-0.499653	-0.862331	0.0820569
										3.54204	-0.613232	0.0495749
									}
								}
							}
							{bone "rightcablespinebacksm"
								{parameters "hkaSkeleton = Reference;hkaBone = 9;"}
								{Matrix34
									-0.90139	0.393536	0.180624
									-0.271797	-0.838948	0.471479
									0.337078	0.375893	0.863182
									-3.491	1.49528	2.19857
								}
							}
							{bone "rightcablespinefrontsm"
								{parameters "hkaSkeleton = Reference;hkaBone = 10;"}
								{Matrix34
									0.635915	-0.766653	0.0886329
									0.769124	0.639033	0.00922333
									-0.0637096	0.062304	0.996022
									3.60936	-0.0328712	1.48992
								}
							}
							{bone "leftcablespinebacksm"
								{parameters "hkaSkeleton = Reference;hkaBone = 11;"}
								{Matrix34
									0.897671	-0.394499	0.196362
									0.262399	0.836513	0.481033
									-0.354026	-0.380284	0.854429
									-3.44699	1.50658	-2.25936
								}
							}
							{bone "leftcablespinefrontsm"
								{parameters "hkaSkeleton = Reference;hkaBone = 12;"}
								{Matrix34
									-0.637579	0.766221	0.0799844
									-0.769125	-0.639032	-0.00922352
									0.044046	-0.0673993	0.996753
									3.63807	-0.0254478	-1.41855
								}
							}
							{bone "body_sm"
								{parameters "ID=body;"}
								{Matrix34
									0.967905	0.251144	-0.00932414
									-0.00987581	0.000933833	-0.999951
									-0.251123	0.967949	0.00338342
									2.69851	1.2033	0.0613921
								}
								{VolumeView "body_sm.ply"}
								{bone "hydraulics_organ"
									{Matrix34
										0.0195167	0.999804	-0.00338671
										-0.999809	0.0195185	0.000284087
										0.000350464	0.00338119	0.999994
										-2.80882	0.0851997	-0.389702
									}
									{VolumeView "hydraulics_organ.ply"}
								}
								{bone "base_legs_front"
									{parameters "ID=body;"}
									{Matrix34
										0.0195163	0.999804	-0.00338676
										-0.999809	0.0195181	0.000283772
										0.000349773	0.00338117	0.999994
										1.30525	-0.00806344	-4.21482
									}
									{VolumeView "base_legs_front.ply"}
								}
								{bone "fuel"
									{parameters "ID=fuel;"}
									{Matrix34
										0.0195156	0.999804	-0.00338658
										-0.999809	0.0195175	0.000284103
										0.000350335	0.00338105	0.999994
										-2.82961	0.101801	4.38914
									}
									{VolumeView "fuel.ply"}
								}
								{bone "front_armor"
									{parameters "ID=front_armor;"}
									{Matrix34
										0.642883	-0.0125499	0.765861
										0.022111	0.999753	-0.0021778
										-0.765645	0.018335	0.643002
										2.87419	-0.0203255	1.20513
									}
									{VolumeView "front_armor.ply"}
									{bone "detail1"
										{parameters "ID=armor;"}
										{Matrix34
											0.721822	0.209327	0.659663
											-0.625273	-0.211322	0.75125
											0.296658	-0.954738	-0.0216509
											-1.07747	-2.73245	-1.74366
										}
										{VolumeView "detail1.ply"}
									}
								}
								{bone "body_organ"
									{parameters "ID=body_organ;"}
									{Matrix34
										-0.00538071	0.99998	-0.00337837
										-0.999985	-0.00537903	0.000370157
										0.000351942	0.00338056	0.999994
										-0.717949	-0.00304984	-0.830982
									}
									{VolumeView "body_organ.ply"}
								}
							}
							{bone revolute "h_drive_bone"
								{parameters "ID=turret;"}
								{limits -35 35}
								{speed 0.03}
								{Matrix34
									0.968808	0.24761	0.0100102
									0.00971993	0.00239241	-0.99995
									-0.247622	0.968857	-8.95626e-05
									3.16696	3.16572	1.4769
								}
								{bone revolute "v_drive_bone"
									{limits -35 35}
									{speed 0.03}
									{Orientation
										0.999995	-0.000185961	0.00329373
										-0.00329875	-0.00011841	0.999995
										-0.000181764	-1	-0.00012128
									}
									{bone "rightweaponbase"
										{parameters "hkaSkeleton = Reference;hkaBone = 32;"}
										{Matrix34
											-0.0760868	-0.869712	0.48766
											0.0425017	0.485802	0.873034
											-0.996195	0.0871566	0
											0	0	0
										}
										{bone "weaponpiston_weaponbasetoweaponforearm_basedeform"
											{parameters "hkaSkeleton = Reference;hkaBone = 37;"}
											{Matrix34
												-0.260375	0.945177	0.197091
												0.939353	0.295178	-0.174603
												-0.223214	0.139677	-0.964711
												1.04919	-0.270867	-0.183099
											}
											{bone "weaponpiston_weaponbasetoweaponforearm_limitdown"
												{parameters "hkaSkeleton = Reference;hkaBone = 38;"}
												{Matrix34
													1	0	0
													0	1	0
													0	0	1
													1.20309	0	0
												}
											}
											{bone "weaponpiston_weaponbasetoweaponforearm_deformend"
												{parameters "hkaSkeleton = Reference;hkaBone = 39;"}
												{Matrix34
													1	0	0
													0	1	0
													0	0	1
													1.59551	0	0
												}
											}
										}
										{bone "rightweaponforearm"
											{parameters "hkaSkeleton = Reference;hkaBone = 33;"}
											{Matrix34
												-0.813394	0.516799	0.267033
												-0.53144	-0.846856	0.0201895
												0.23658	-0.12549	0.963474
												3.11273	-0.0558672	-0.258664
											}
											{bone "rightweaponaim"
												{parameters "hkaSkeleton = Reference;hkaBone = 34;"}
												{Matrix34
													1	0	0
													0	1	0
													0	0	1
													2.75057	-0.258875	-0.504645
												}
											}
											{bone "weaponattach"
												{parameters "hkaSkeleton = Reference;hkaBone = 35;"}
												{Matrix34
													0.0290762	-0.999491	0.0130986
													0.999558	0.029005	-0.0065475
													0.00615251	0.0132779	0.999893
													2.78291	-0.00638819	-0.401976
												}
												{bone "foresight"
													{Matrix34
														-0.00251201	-0.176108	-0.984367
														-0.999649	-0.0255014	0.00711339
														-0.026366	0.984041	-0.175986
														1.11867	-0.89325	-13.4106
													}
												}
												{bone "shotgun"
													{parameters "ID=shotgun;"}
													{Matrix34
														-0.999649	-0.0255042	0.00711331
														0.0025125	0.176107	0.984367
														-0.0263647	0.984041	-0.175987
														0.809329	0.187559	-0.385955
													}
													{VolumeView "shotgun.ply"}
													{bone "barrel"
														{parameters "ID=shotgun;"}
														{Position -0.389127	-7.61262	1.22743}
														{VolumeView "barrel.ply"}
													}
												}
												{bone "latch_bone"
													{parameters "hkaSkeleton = Reference;hkaBone = 35;"}
													{Matrix34
														0.999989	0.0016171	0.00432387
														-0.000855051	0.984818	-0.173596
														-0.00453648	0.173582	0.984808
														1.1945	0.527704	2.14714
													}
													{bone "latch"
														{parameters "ID=shotgun;"}
														{Matrix34
															-0.007052	-0.00255337	-0.999972
															-0.999649	-0.0255211	0.00711392
															-0.0255454	0.999671	-0.00237561
															0	0	0
														}
														{VolumeView "latch.ply"}
													}
												}
												{bone "armed_bone"
													{parameters "hkaSkeleton = Reference;hkaBone = 35;"}
													{Matrix34
														0.999989	0.0016171	0.00432387
														-0.000855051	0.984818	-0.173596
														-0.00453648	0.173582	0.984808
														1.16361	1.48763	-0.661442
													}
													{bone "armed"
														{parameters "ID=shotgun;"}
														{Matrix34
															-0.999649	-0.0255035	0.0071139
															0.00705195	0.0025537	0.999972
															-0.0255276	0.999672	-0.00237608
															-1.26665	-1.38167	-0.127691
														}
														{VolumeView "armed.ply"}
													}
													{bone "shell"
														{parameters "hkaSkeleton = Reference;hkaBone = 35;"}
														{Matrix34
															-0.00705653	-0.00254461	-0.999972
															-0.999649	-0.0255071	0.00711709
															-0.0255373	0.999671	-0.00237015
															0.0208142	-1.03631	-1.31794
														}
														{bone "shell_view"
															{parameters "ID=shotgun;"}
															{Matrix34
																1	0	0
																0	1	0
																0	0	1
																0	0	0
															}
															{VolumeView "shell_view.ply"}
														}
													}
												}
												{bone "recoil_bone"
													{parameters "hkaSkeleton = Reference;hkaBone = 35;"}
													{Matrix34
														0.999989	0.00161716	0.00432387
														-0.000855146	0.984818	-0.173596
														-0.0045364	0.173582	0.984808
														1.16361	1.48763	-0.661444
													}
													{bone "shell_drop"
														{parameters "ID=shotgun;"}
														{Matrix34
															-0.0255322	0.999671	-0.00237932
															-0.999649	-0.0255032	0.00710698
															0.00705293	0.00255006	0.999972
															-0.012048	-0.0449085	-2.38048
														}
														{VolumeView "shell_drop.ply"}
													}
													{bone "recoil"
														{parameters "ID=shotgun;"}
														{Matrix34
															-0.999649	-0.0255034	0.00711378
															0.00705206	0.00255348	0.999972
															-0.0255277	0.999671	-0.00237584
															0	0	0
														}
														{VolumeView "recoil.ply"}
													}
												}
											}
											{bone "weaponpiston_weaponbasetoweaponforearm_baseupper"
												{parameters "hkaSkeleton = Reference;hkaBone = 35;"}
												{Matrix34
													-0.753645	0.65719	-0.010749
													-0.657274	-0.75342	0.018851
													0.00427409	0.0212593	0.999765
													2.90904	-0.0451814	-0.537477
												}
												{bone "weaponpiston_weaponbasetoweaponforearm_limitup"
													{parameters "hkaSkeleton = Reference;hkaBone = 36;"}
													{Position 0.25115	0	0}
												}
											}
										}
									}
								}
							}
							{bone revolute "head_ik_v2"
								{limits -30 15}
								{speed 0.04}
								{Matrix34
									0.972449	0.232892	0.0101918
									0.232906	-0.972499	-0.000188881
									0.00986675	0.00255732	-0.999948
									5.97593	-0.0012722	0.0589688
								}
								{bone "neck"
									{parameters "hkaSkeleton = Reference;hkaBone = 4;"}
									{Matrix34
										0.70398	0.71022	0
										0.71022	-0.70398	0
										0	0	-1
										-1.04904e-05	0	0
									}
									{bone "head_arm"
										{parameters "ID=Head_arm;"}
										{Matrix34
											0.690737	0.723106	0
											-1.60053e-05	1.40245e-05	-1
											-0.723107	0.690736	2.60685e-05
											1.21888	0.0597	-7.39101e-05
										}
										{VolumeView "head_arm.ply"}
									}
									{bone revolute "head_ik_v"
										{limits -15 15}
										{speed 0.04}
										{Matrix34
											0.677289	0.735717	0
											-0.735718	0.677288	0
											0	0	1
											2.57356	0	0
										}
										{bone revolute "head_ik_v_damage"
											{limits -4 4}
											{speed 0.005}
											{Matrix34
												1	0	0
												0	1	0
												0	0	1
												0	0	0
											}
											{bone "neck1"
												{parameters "hkaSkeleton = Reference;hkaBone = 5;"}
												{Matrix34
													1	0	0
													0	1	0
													0	0	1
													0	0	0
												}
												{bone "cableneck1sm"
													{parameters "hkaSkeleton = Reference;hkaBone = 8;"}
													{Matrix34
														-0.0184538	-0.99983	0
														0.99983	-0.0184583	0
														0	0	1
														-0.0735359	-1.35289	0
													}
												}
												{bone "head_link"
													{parameters "ID=head;"}
													{Matrix34
														0.99983	-0.0184582	0
														0	0	-1
														0.0184538	0.99983	0
														4.13997	-0.0933208	-0.45194
													}
													{VolumeView "head_link.ply"}
												}
												{bone revolute "head_ik_h"
													{limits -60 60}
													{speed 0.04}
													{Matrix34
														0.999659	-0.0184556	-0.0184557
														-0.018455	0.000339134	-0.99983
														0.0184541	0.99983	0
														1.25143	0	0
													}
													{bone revolute "head_ik_h_damage"
														{limits -25 25}
														{speed 0.005}
														{Orientation
															1	0	0
															0	1	0
															0	0	1
														}
														{bone "head"
															{parameters "hkaSkeleton = Reference;hkaBone = 6;"}
															{Matrix34
																0.999659	-0.0184537	0.0184532
																-0.0184564	0.000337479	0.99983
																-0.0184568	-0.99983	0
																0	0	0
															}
															{bone "cableheadsm"
																{parameters "hkaSkeleton = Reference;hkaBone = 7;"}
																{Matrix34
																	-0.0184523	-0.99983	0
																	0.99983	-0.0184595	0
																	0	0	1
																	3.44612	-0.964888	0.757387
																}
															}
															{bone "head_sm"
																{parameters "ID=head;"}
																{Matrix34
																	0.99983	-0.0184596	0
																	0	0	-1
																	0.0184525	0.99983	0
																	2.88853	-0.0933189	-0.451951
																}
																{VolumeView "head_sm.ply"}
																{bone "scanner"
																	{parameters "ID=visor_head;"}
																	{Matrix34
																		1	0	0
																		0	1	0
																		0	0	1
																		-0.883986	1.36896	0.775574
																	}
																	{VolumeView "scanner.ply"}
																	{bone "visor_head_bone"
																		{Matrix34
																			1	0	0
																			0	0	1
																			0	-1	0
																			0.5291	0	0.167652
																		}
																	}
																	{bone "visor_head_support_bone"
																		{Matrix34
																			1	0	0
																			0	0	1
																			0	-1	0
																			0.529099	0	0.167652
																		}
																	}
																	{bone "head_ems_03_hold"
																		{parameters "ID=body;"}
																		{Matrix34
																			1	0	0
																			0	1	0
																			0	0	1
																			0.390999	0.0163014	0.163837
																		}
																		{visibility 0}
																		{VolumeView "head_ems_03_hold.ply"}
																	}
																	{bone "head_ems_03_search"
																		{parameters "ID=body;"}
																		{Matrix34
																			1	0	0
																			0	1	0
																			0	0	1
																			0.390999	0.0163014	0.163837
																		}
																		{visibility 0}
																		{VolumeView "head_ems_03_search.ply"}
																	}
																	{bone "head_ems_03_alarm"
																		{parameters "ID=body;"}
																		{Matrix34
																			1	0	0
																			0	1	0
																			0	0	1
																			0.390999	0.0163014	0.163837
																		}
																		{visibility 0}
																		{VolumeView "head_ems_03_alarm.ply"}
																	}
																}
																{bone "head_organ"
																	{parameters "ID=head_organ;"}
																	{Matrix34
																		0	1	0
																		-1	0	0
																		0	0	1
																		-0.46504	-0.60637	0.726513
																	}
																	{VolumeView "head_organ.ply"}
																}
																{bone "armour_head"
																	{parameters "ID=armour_head;"}
																	{Matrix34
																		0	0	1
																		-1	0	0
																		0	-1	0
																		-0.174464	-0.451941	1.47546
																	}
																	{VolumeView "armour_head.ply"}
																}
																{bone "head_ems_01_hold"
																	{parameters "ID=head;"}
																	{Matrix34
																		1	0	0
																		0	1	0
																		0	0	1
																		2.1619	-0.451974	0.755606
																	}
																	{VolumeView "head_ems_01_hold.ply"}
																}
																{bone "head_ems_02_hold"
																	{parameters "ID=head;"}
																	{Matrix34
																		1	0	0
																		0	1	0
																		0	0	1
																		0.742966	-0.451982	1.70521
																	}
																	{VolumeView "head_ems_02_hold.ply"}
																}
																{bone "head_ems_01_alarm"
																	{parameters "ID=head;"}
																	{Matrix34
																		1	0	0
																		0	1	0
																		0	0	1
																		2.16384	-0.452047	0.75585
																	}
																	{visibility 0}
																	{VolumeView "head_ems_01_alarm.ply"}
																}
																{bone "head_ems_02_alarm"
																	{parameters "ID=head;"}
																	{Matrix34
																		1	0	0
																		0	1	0
																		0	0	1
																		0.742966	-0.451982	1.70521
																	}
																	{visibility 0}
																	{VolumeView "head_ems_02_alarm.ply"}
																}
																{bone "scanlines_bone"
																	{Matrix34
																		-0.30645	0.951886	0
																		-0.951887	-0.30645	0
																		0	0	1
																		2.26822	-0.446858	0.749689
																	}
																	{bone "scanlines"
																		{parameters ""}
																		{Matrix34
																			0.664462	0.241847	0.707107
																			0.664463	0.241845	-0.707108
																			-0.342018	0.939693	0
																			0	0	0
																		}
																		{visibility 0}
																		{VolumeView "scanlines.ply"}
																	}
																	{bone "scanlines_fx_bone"
