;Exported by: Xpycmb
;Date:        Sun Apr  9 20:39:20 2023
;File:        C:\Users\Xpycmb\Documents\3ds Max 2020\scenes\barn_01_base_high_tile_03.max
{Skeleton
	{bone "basis"
		{Orientation
			1	0	0
			0	-1	0
			0	0	1
		}
		{bone "roof"
			{parameters "ID=Body;"}
			{Matrix34
				0	-1	0
				1	0	0
				0	0	1
				0	0	0
			}
			{VolumeView "roof.ply"}
		}
		{bone "wood_roof"
			{parameters "ID=Body;"}
			{Matrix34
				0	-1	0
				1	0	0
				0	0	1
				0	0	0
			}
			{VolumeView "wood_roof.ply"}
		}
		{bone "land_patch"
			{parameters "CommonMesh;Land;Ground;"}
			{Matrix34
				0	-1	0
				1	0	0
				0	0	1
				-34.3098	0	-3.26668
			}
			{visibility 0}
			{VolumeView "land_patch.ply" {Ground}}
		}
		{bone "wooden_tile"
			{parameters "ID=Body;"}
			{Position -34.6328	0	92.1362}
			{VolumeView "wooden_tile.ply"}
			{bone "walls_r"
				{Matrix34
					-1	0	0
					0	-1	0
					0	0	1
					1.56723	-105.842	-35.7145
				}
			}
			{bone "walls_l"
				{Position -2.33215	105.93	-35.7145}
			}
		}
		{bone "walls_floor"
			{parameters "ID=Body;"}
			{Position -34.9989	0.0322361	-10.4203}
			{VolumeView "walls_floor.ply"}
		}
	}
}
{Obstacle "wood_10_00"
	{Obb2
		{Center -35.0075 -104.169}
		{Extent 36.2025 2.00001}
		{Axis 1 0}
	}
	{Rotate}
}
{Obstacle "wood_10_01"
	{Obb2
		{Center -35.6615 104.011}
		{Extent 36.2025 2.00001}
		{Axis 1 0}
	}
	{Rotate}
}
{Obstacle "wood_10_02"
	{Obb2
		{Center -35.0075 -102.827}
		{Extent 36.2025 1.00001}
		{Axis 1 0}
	}
	{Rotate}
}
{Obstacle "wood_10_03"
	{Obb2
		{Center -35.0075 -104.25}
		{Extent 36.2025 1.00001}
		{Axis 1 0}
	}
	{Rotate}
}
{Obstacle "wood_10_04"
	{Obb2
		{Center -38.4569 -102.25}
		{Extent 31.9341 1.00001}
		{Axis 1 0}
	}
	{Rotate}
}
{Obstacle "wood_10_05"
	{Obb2
		{Center -35.0075 102.595}
		{Extent 36.2025 1.00001}
		{Axis 1 0}
	}
	{Rotate}
}
{Obstacle "wood_10_06"
	{Obb2
		{Center -35.0075 103.985}
		{Extent 36.2025 1.00001}
		{Axis 1 0}
	}
	{Rotate}
}
{Obstacle "wood_10_07"
	{Obb2
		{Center -38.4569 102.66}
		{Extent 31.9341 1.00001}
		{Axis 1 0}
	}
	{Rotate}
}
{Volume "roof_steel_10_01"
	{Box 2.5 70 144.055}
	{Bone "roof"}
	{Matrix34
		-0.573576	0	-0.819152
		0	-1	0
		-0.819152	0	0.573576
		57.1059	-34.2096	152.506
	}
}
{Volume "roof_steel_10_02"
	{Box 2.5 70.3416 144.055}
	{Bone "roof"}
	{Matrix34
		-0.573576	0	0.819152
		0	-1	0
		0.819152	0	0.573576
		-58.892	-34.2096	152.506
	}
}
{Volume "roof_wood_5_00"
	{Box 2.5 70 144.055}
	{Bone "wood_roof"}
	{Matrix34
		-0.573576	0	-0.819152
		0	-1	0
		-0.819152	0	0.573576
		57.1059	-34.2096	150.959
	}
}
{Volume "roof_wood_5_01"
	{Box 2.5 70.3416 144.055}
	{Bone "wood_roof"}
	{Matrix34
		-0.573576	0	0.819152
		0	-1	0
		0.819152	0	0.573576
		-58.892	-34.2096	149.351
	}
}
{Volume "stone_land_30_00"
	{Box 210.392 68.6471 16.2221}
	{Bone "basis"}
	{Matrix34
		0	-1	0
		1	0	0
		0	0	1
		-34.3098	0	-11.3611
	}
}
{Volume "wood_15_01"
	{Box 4 4 141.419}
	{Bone "basis"}
	{Matrix34
		0	0	1
		1	0	0
		0	1	0
		-38.2449	-0.122055	140.61
	}
}
{Volume "wood_15_02"
	{Box 4 4 141.419}
	{Bone "basis"}
	{Matrix34
		0	0	1
		1	0	0
		0	1	0
		-4.7202	-0.122047	140.61
	}
}
{Volume "wood_15_03"
	{Box 4 4 117.378}
	{Bone "basis"}
	{Matrix34
		0	-1	0
		1	0	0
		0	0	1
		-1.55392	104.169	54.3755
	}
}
{Volume "wood_15_04"
	{Box 4 4 117.378}
	{Bone "basis"}
	{Matrix34
		0	-1	0
		1	0	0
		0	0	1
		-67.8837	104.169	54.3755
	}
}
{Volume "wood_15_05"
	{Box 4 4 117.378}
	{Bone "basis"}
	{Matrix34
		0	-1	0
		1	0	0
		0	0	1
		-1.55395	-102.894	54.3755
	}
}
{Volume "wood_15_06"
	{Box 4 4 117.378}
	{Bone "basis"}
	{Matrix34
		0	-1	0
		1	0	0
		0	0	1
		-67.8837	-102.894	54.3755
	}
}
