;Exported by: Xpycmb
;Date:        Sun Jan 19 02:47:28 2025
;File:        C:\Users\Xpycmb\Documents\3ds Max 2020\scenes\dreadnought_base_cannon.max
{Skeleton
	(include "anim_instance.inc")	
	{bone revolute "basis"
		{limits 0 -0}
		{speed 0.2}
		{terminator}
		{Orientation
			1	0	0
			0	-1	0
			0	0	1
		}
		{bone revolute "gas_drop_v"
			{speed 1}
			{Matrix34
				0.988321	-0.00316819	-0.152352
				0.152358	0.00528945	0.988311
				-0.00232458	-0.999981	0.00571258
				10.1963	-0.502546	23.6238
			}
			{bone revolute "gas_drop_h"
				{speed 1}
				{Matrix34
					0	0	1
					1	-1.75536e-05	0
					0	1	0
					0	0	0
				}
				{bone "gas_drop_foresight"
					{parameters "Socket;"}
					{Matrix34
						0	1	0
						-1	0	0
						0	0	1
						0	0	0
					}
				}
			}
		}
		{bone revolute "pestcontainer_drop_v"
			{speed 1}
			{Matrix34
				0.988321	-0.00316819	-0.152352
				0.152358	0.00528945	0.988311
				-0.00232458	-0.999981	0.00571258
				10.1963	-0.502546	26.2739
			}
			{bone revolute "pestcontainer_drop_h"
				{speed 1}
				{Matrix34
					0	0	1
					1	-1.70916e-05	0
					0	1	0
					0	0	0
				}
				{bone "pestcontainer_drop_foresight"
					{parameters "Socket;"}
					{Matrix34
						0	1	0
						-1	0	0
						0	0	1
						0	0	0
					}
				}
			}
		}
		{bone revolute "attack_melee_v"
			{speed 1}
			{Matrix34
				0.988321	-0.00316819	-0.152352
				0.152358	0.00528945	0.988311
				-0.00232458	-0.999981	0.00571258
				10.1963	-0.502546	18.2706
			}
			{bone revolute "attack_melee_h"
				{speed 1}
				{Matrix34
					0	0	1
					1	-1.75238e-05	0
					0	1	0
					0	0	0
				}
				{bone "attack_melee_foresight"
					{parameters "Socket;"}
					{Matrix34
						0	1	0
						-1	0	0
						0	0	1
						0	0	0
					}
				}
			}
		}
		{bone "concussion"
			{Position 39.6925	0	6.70328}
		}
		{bone "reference2"
			{Matrix34
				0	-1	0
				0	0	1
				-1	0	0
				0	0	0
			}
			{bone "hips"
				{parameters "hkaSkeleton = Reference;hkaBone = 1;"}
				{Position 0	124.731	-1.85864e-05}
				{bone "rightshoulder"
					{parameters "hkaSkeleton = Reference;hkaBone = 53;"}
					{Matrix34
						-0.0108508	-0.996691	-0.0805552
						0.133048	-0.0812833	0.987771
						-0.99105	0	0.133489
						23.5156	0	2.27428
					}
					{bone "rightarm"
						{parameters "hkaSkeleton = Reference;hkaBone = 91;"}
						{Matrix34
							0.0108507	-0.133048	0.99105
							0.996691	0.081284	0
							-0.0805557	0.987771	0.133489
							-0.152641	1.87164	-13.9415
						}
						{bone "rightforearm"
							{parameters "hkaSkeleton = Reference;hkaBone = 92;"}
							{Position -19.1889	0	0}
							{bone "righthand"
								{parameters "hkaSkeleton = Reference;hkaBone = 93;"}
								{Position -18.672	0	0}
							}
						}
					}
					{bone "shoulder_plate_right"
						{parameters "ID=shoulder_plate_right;"}
						{Matrix34
							-0.0108506	0.133047	-0.99105
							0.0805536	-0.987771	-0.133488
							-0.996691	-0.0812818	0
							-1.10227	-1.09277	-4.89462
						}
						{VolumeView "shoulder_plate_right.ply"}
					}
					{bone "rightshoulder_sm"
						{parameters "ID=RightShoulder;"}
						{Matrix34
							-0.0108507	0.133046	-0.991051
							0.0805554	-0.987771	-0.133487
							-0.996691	-0.0812839	0
							-3.61635	-1.29235	3.17279
						}
						{VolumeView "rightshoulder_sm.ply"}
						{bone "organs_hip_right"
							{parameters "ID=hip_right;"}
							{Matrix34
								1	0	0
								0	1	0
								0	0	1
								1.88435	1.01948	-3.89774
							}
							{VolumeView "organs_hip_right.ply"}
						}
						{bone "rightshoulder_bone"
							{Matrix34
								1	0	0
								0	0	1
								0	-1	0
								0.211823	-9.0899	-3.52728
							}
							{bone "rightshoulder_ring"
								{parameters "ID=RightShoulder;"}
								{Matrix34
									1	0	0
									0	0	-1
									0	1	0
									0	-2.51006	-0.0271053
								}
								{VolumeView "rightshoulder_ring.ply"}
							}
						}
					}
					{bone "rightshoulder_spring"
						{parameters "CommonMesh;ID=RightShoulder;"}
						{Matrix34
							-0.0108507	0.133046	-0.991051
							0.0805556	-0.987771	-0.133487
							-0.996691	-0.081284	0
							-11.4388	-2.30211	-0.464291
						}
						{VolumeView "rightshoulder_spring.ply"}
					}
					{bone prizmatic "suspension_r1"
						{limits -0.4 0.4}
						{speed2 6}
						{Matrix34
							-0.0108513	0.133046	-0.991051
							-0.00662065	-0.991097	-0.132981
							-0.999919	0.00511692	0.0116349
							0	0	0
						}
					}
					{bone "rightupleg"
						{parameters "hkaSkeleton = Reference;hkaBone = 54;"}
						{Matrix34
							0.359758	-0.918098	0.166341
							0.932939	0.35665	-0.0492581
							-0.0141014	0.172906	0.984837
							-23.1217	1.81198e-05	-7.24792e-05
						}
						{bone "rightupleg1"
							{parameters "hkaSkeleton = Reference;hkaBone = 55;"}
							{Matrix34
								-0.594186	-0.784662	0.176769
								-0.676353	0.606374	0.418159
								-0.435301	0.128907	-0.891009
								-54.1843	-3.05176e-05	4.3869e-05
							}
							{bone "rightcableupperlegupsm"
								{parameters "Clear;"}
								{Matrix34
									-0.0631819	-0.149458	0.986747
									0.921081	-0.389373	0
									0.38421	0.908874	0.162264
									-29.8621	16.2071	15.2124
								}
								{bone "rightcableupperlegup_00_clunk"
									{parameters "Clear;"}
									{Matrix34
										0	0.819152	0.573575
										0	0.573578	-0.819152
										-1	0	0
										0.0769119	0.314499	-9.18335
									}
								}
								{bone "rightcableupperlegup_01_clunk"
									{parameters "Clear;"}
									{Matrix34
										0	0.819152	0.573575
										0	0.573578	-0.819152
										-1	0	0
										0.0769081	-2.26005	-4.96997
									}
								}
								{bone "rightcableupperlegup_02_clunk"
									{parameters "Clear;"}
									{Matrix34
										0	0.819152	0.573575
										0	0.573578	-0.819152
										-1	0	0
										-1.08715	-4.7744	-1.02179
									}
								}
								{bone "rightcableupperlegup_03_clunk"
									{parameters "Clear;"}
									{Matrix34
										0	0.819152	0.573575
										0	0.573578	-0.819152
										-1	0	0
										-1.25206	-7.57816	3.15197
									}
								}
								{bone "rightcableupperlegupsm1_target"
									{Matrix34
										-0.335227	-0.84288	-0.420922
										-0.782235	0	0.622984
										-0.525102	0.538103	-0.659328
										0.106487	6.70665	8.57508
									}
								}
								{bone "rightcableupperlegupsm1"
									{parameters "Clear;"}
									{Matrix34
										1	0	0
										0	1	0
										0	0	1
										0.106487	6.70665	8.57509
									}
								}
							}
							{bone "rightcableupperlegsm2"
								{parameters "Clear;"}
								{Matrix34
									-0.0631819	-0.149458	0.986747
									0.921081	-0.389373	0
									0.38421	0.908874	0.162264
									-35.6153	1.2718	5.97419
								}
							}
							{bone "rightcableupperlegdownsm"
								{parameters "Clear;"}
								{Matrix34
									-0.0631819	-0.149458	0.986747
									0.921081	-0.389373	0
									0.38421	0.908874	0.162264
									-72.314	6.45757	11.9221
								}
								{bone "rightcableupperlegdownsm1"
									{parameters "Clear;"}
									{Matrix34
										1	0	0
										0	1	0
										0	0	1
										1.77113	-12.799	-8.28913
									}
								}
							}
							{bone "rightpiston_upperlegtoshoulder_backbasedeform"
								{parameters "hkaSkeleton = Reference;hkaBone = 78;"}
								{Matrix34
									0.927956	-0.364155	-0.0793155
									-0.0436067	-0.317441	0.947275
									-0.37013	-0.87557	-0.310451
									-28.0976	9.26986	2.89449
								}
								{bone "rightpiston_upperlegtoshoulder_backbasedeformend"
									{parameters "hkaSkeleton = Reference;hkaBone = 79;"}
									{Matrix34
										1	0	0
										0	1	0
										0	0	1
										14.2455	5.34058e-05	1.14441e-05
									}
								}
								{bone "rightpiston_upperlegtoshoulder_backlimitdown"
									{parameters "hkaSkeleton = Reference;hkaBone = 80;"}
									{Matrix34
										-0.999849	0.0170268	0.0034402
										0.0171339	0.999272	0.0340977
										-0.00286073	0.0341515	-0.999413
										2.45483	-0.0416336	-0.00855255
									}
								}
							}
							{bone "rightpiston_upperlegtoleg_frontbaseupper"
								{parameters "hkaSkeleton = Reference;hkaBone = 81;"}
								{Matrix34
									-0.939666	0.341934	-0.0105433
									0.335823	0.927881	0.162043
									0.0651923	0.148726	-0.986727
									-69.7742	15.907	2.44451
								}
								{bone "rightpiston_upperlegtoleg_frontlimitup"
									{parameters "hkaSkeleton = Reference;hkaBone = 82;"}
									{Matrix34
										0.997634	-0.0665148	0.0173525
										0.0685715	0.980823	-0.182439
										-0.00488536	0.183197	0.983064
										24.3253	0.000114441	-9.91821e-05
									}
								}
							}
							{bone "rightarmorplate_knee"
								{parameters "hkaSkeleton = Reference;hkaBone = 83;"}
								{Matrix34
									-0.0631816	-0.149458	0.986747
									0.921081	-0.389373	0
									0.384209	0.908874	0.162264
									-103.296	0.000228882	0.00019455
								}
								{bone "rightarmorplate_knee_sm"
									{parameters "ID=RightArmorPlate_Knee;"}
									{Matrix34
										0	0	-1
										-1	0	0
										0	1	0
										0.214504	-4.23012	-7.34798
									}
									{VolumeView "rightarmorplate_knee_sm.ply"}
									{bone "kneepad_r"
										{parameters "ID=kneepad_r;"}
										{Matrix34
											1	0	0
											0	1	0
											0	0	1
											9.64248	-1.277	-2.39086
										}
										{VolumeView "kneepad_r.ply"}
									}
									{bone "hydraulic_knee_right"
										{parameters "ID=hydraulic_knee_right;"}
										{Matrix34
											0	-1	0
											1	0	0
											0	0	1
											-6.24673	0.11721	3.87629
										}
										{VolumeView "hydraulic_knee_right.ply"}
									}
								}
							}
							{bone "rightpiston_upperlegtoshoulder_frontbasedeform"
								{parameters "hkaSkeleton = Reference;hkaBone = 84;"}
								{Matrix34
									0.847125	-0.44543	-0.289782
									0.375183	0.887528	-0.267452
									0.376318	0.117843	0.918965
									-60.7502	2.84864	1.42345
								}
								{bone "rightpiston_upperlegtoshoulder_frontbasedeformend"
									{parameters "hkaSkeleton = Reference;hkaBone = 85;"}
									{Matrix34
										0.999952	-0.00867566	-0.0046466
										0.00215456	0.653682	-0.756767
										0.00960071	0.75672	0.653668
										13.1661	-4.86374e-05	-7.62939e-05
									}
								}
								{bone "rightpiston_upperlegtoshoulder_frontlimitdown"
									{parameters "hkaSkeleton = Reference;hkaBone = 86;"}
									{Matrix34
										1	0	0
										0	1	2.58611e-05
										0	-2.81409e-05	1
										1.83728	0.000617027	0.000335693
									}
								}
							}
							{bone "legplate_right"
								{parameters "ID=legplate_right;"}
								{Matrix34
									0	-1	0
									1	0	0
									0	0	1
									-72.4714	-1.80156	1.30109
								}
								{VolumeView "legplate_right.ply"}
							}
							{bone "rightupleg_spring"
								{parameters "ID=RightUpLeg;"}
								{Matrix34
									-0.384202	-0.908877	-0.162264
									0.0631874	0.149456	-0.986747
									0.921083	-0.389367	0
									-15.8379	4.81411	2.48689
								}
								{VolumeView "rightupleg_spring.ply"}
							}
							{bone "rightupleg1_sm"
								{parameters "ID=RightLeg1;"}
								{Matrix34
									0.127813	-0.981793	-0.140524
									0.0631738	0.149457	-0.986748
									0.989785	0.117238	0.0811242
									-66.1304	8.42905	1.43542
								}
								{VolumeView "rightupleg1_sm.ply"}
								{bone "rightupleg1_cylplate_01"
									{parameters "ID=RightUpLeg1_cylplate_01;"}
									{Matrix34
										0	-1	0
										1	0	0
										0	0	1
										3.80889	-11.3655	-38.0026
									}
									{VolumeView "rightupleg1_cylplate_01.ply"}
								}
								{bone "rightupleg1_cylplate_02"
									{parameters "ID=RightUpLeg1_cylplate_02;"}
									{Matrix34
										0	1	0
										-1	0	0
										0	0	1
										4.98633	6.56995	-38.516
									}
									{VolumeView "rightupleg1_cylplate_02.ply"}
								}
							}
							{bone "rightpiston_upperlegtoleg_frontbaseupper_target"
								{Matrix34
									-0.945836	0.32447	0.0107033
									-0.309914	-0.892617	-0.327394
									-0.0966766	-0.312978	0.944827
									-69.7742	15.907	2.44451
								}
							}
							{bone "rightpiston_upperlegtoshoulder_frontbasedeformtarget"
								{Matrix34
									0.847128	-0.445423	-0.289783
									0.376305	0.117815	0.918974
									-0.375189	-0.887535	0.267421
									-60.7502	2.84864	1.42345
								}
							}
							{bone "rightpiston_upperleg"
								{parameters "CommonMesh;ID;"}
								{Matrix34
									-0.930117	0.366208	0.0278431
									0.0341239	0.161652	-0.986258
									-0.365673	-0.916385	-0.162851
									-69.7742	15.907	2.44451
								}
								{VolumeView "rightpiston_upperleg.ply"}
							}
							{bone "rightleg"
								{parameters "hkaSkeleton = Reference;hkaBone = 56;"}
								{Matrix34
									0.454449	-0.889315	-0.0509636
									-0.89024	-0.451453	-0.0605102
									0.0308053	0.0728692	-0.996866
									-103.296	0.000232697	0.00019455
								}
								{bone "rightfoot"
									{parameters "hkaSkeleton = Reference;hkaBone = 57;"}
									{Matrix34
										0.500431	-0.865692	0.0121018
										-0.865474	-0.499834	0.0334802
										-0.0229332	-0.0272287	-0.999366
										-37.838	6.48499e-05	0.000202179
									}
									{bone "rightpiston_toetofoot_backbaseupper"
										{parameters "hkaSkeleton = Reference;hkaBone = 66;"}
										{Matrix34
											-0.953494	-0.300206	-0.0269199
											-0.0133467	0.131274	-0.991256
											0.301119	-0.944798	-0.129174
											1.17546	11.934	0.828197
										}
										{bone "rightpiston_toetofoot_backlimitup"
											{parameters "hkaSkeleton = Reference;hkaBone = 67;"}
											{Matrix34
												1	0	0
												0	1	0
												0	0	1
												3.4316	-0.0668106	0.159767
											}
										}
									}
									{bone "rightpiston_foottoupleg_backbaselower"
										{parameters "hkaSkeleton = Reference;hkaBone = 68;"}
										{Matrix34
											0.956619	-0.291226	0.00831412
											-0.288218	-0.950147	-0.118951
											0.0425397	0.111395	-0.992865
											0.283176	0.610657	-0.0787086
										}
										{bone "rightpiston_upperlegtoleg_backrotdeform"
											{parameters "hkaSkeleton = Reference;hkaBone = 69;"}
											{Matrix34
												0.998685	0.0438091	0.0266212
												0.0506971	-0.920836	-0.386641
												0.00757875	0.387482	-0.921846
												4.77064	-2.24271	-1.26311
											}
											{bone "rightpiston_foottoupleg_backbasedeformend"
												{parameters "hkaSkeleton = Reference;hkaBone = 70;"}
												{Matrix34
													0.999918	-0.0124503	0.0028547
													0.0126075	0.92688	-0.375147
													0.00202662	0.375152	0.926961
													15.0425	-1.90735e-05	4.00543e-05
												}
											}
											{bone "rightpiston_upperlegtoleg_frontlimitdown"
												{parameters "hkaSkeleton = Reference;hkaBone = 71;"}
												{Matrix34
													-0.999987	0.00492636	-0.0011267
													0.00493542	0.905884	-0.423498
													-0.00106729	-0.423498	-0.905897
													1.97499	-0.00957489	0.0023613
												}
											}
										}
									}
									{bone "rightpiston_toetoleg_frontbaselower"
										{parameters "hkaSkeleton = Reference;hkaBone = 72;"}
										{Matrix34
											0.999686	-0.0218506	0.0123037
											-0.0203189	-0.993398	-0.112905
											0.014688	0.112621	-0.99353
											-21.2654	-13.1519	-0.519859
										}
										{bone "rightpiston_toetoleg_frontbasedeform"
											{parameters "hkaSkeleton = Reference;hkaBone = 73;"}
											{Matrix34
												0.998975	-0.0438298	-0.0113335
												0.0441621	0.998559	0.0304915
												0.00997904	-0.0309623	0.999471
												-1.22721	0.675007	0.262814
											}
											{bone "rightpiston_toetoleg_frontbasedeformend"
												{parameters "hkaSkeleton = Reference;hkaBone = 74;"}
												{Matrix34
													0.998975	0.0441628	0.00997998
													-0.0438304	0.998559	-0.0309613
													-0.0113344	0.0304905	0.999471
													21.4456	5.43594e-05	-9.91821e-05
												}
											}
											{bone "rightpiston_toetoleg_fronlimitdown"
												{parameters "hkaSkeleton = Reference;hkaBone = 75;"}
												{Matrix34
													-0.999756	-0.0220415	-0.00178549
													-0.0220273	0.999744	-0.00515176
													0.00190018	-0.00510954	-0.999985
													2.5999	0.0573177	0.0046463
												}
											}
										}
									}
									{bone "rightfoot_sm"
										{parameters "ID=Rightfoot;"}
										{Matrix34
											-0.337525	-0.933749	-0.119113
											0.0405131	0.112012	-0.992881
											0.940444	-0.339952	2.33916e-05
											-7.36655	-0.794865	-0.00941467
										}
										{VolumeView "rightfoot_sm.ply"}
										{bone "rightfoot_cylplate_01"
											{parameters "ID=RightFoot_cylplate_01;"}
											{Matrix34
												0	-1	2.37524e-05
												2.34842e-05	2.20239e-05	1
												-1	0	1.91033e-05
												-2.87887	-8.94327	6.92813
											}
											{VolumeView "rightfoot_cylplate_01.ply"}
										}
										{bone "rightfoot_cylplate_02"
											{parameters "ID=RightFoot_cylplate_02;"}
											{Matrix34
												0	1	0
												-1	0	0
												0	0	1
												-1.58334	9.07904	7.03135
											}
											{VolumeView "rightfoot_cylplate_02.ply"}
										}
									}
									{bone "rightpiston_toetofoot_backbaseupper_target"
										{Matrix34
											-0.953494	-0.300205	-0.0269195
											0.301036	-0.952962	-0.0352357
											-0.0150745	-0.0417019	0.999016
											1.17546	11.934	0.828194
										}
									}
									{bone "rightpiston_foottoupleg_backbaselower_target"
										{Matrix34
											0.953918	-0.300065	0.00186672
											0.299688	0.953007	0.0443117
											-0.0150745	-0.0417115	0.999016
											0.283173	0.610659	-0.0787125
										}
									}
									{bone "rightpiston_toetoleg_frontbaselower_target"
										{Matrix34
											0.999078	-0.0415903	0.0106925
											-0.041202	-0.998575	-0.0339222
											0.0120874	0.0334516	-0.999367
											-21.2654	-13.1519	-0.519863
										}
									}
									{bone "rightpiston_toetofoot"
										{parameters "CommonMesh;ID;"}
										{Matrix34
											0.0121461	0.200849	-0.979547
											0.339612	0.920558	0.192965
											0.940486	-0.335014	-0.0570287
											0.540039	12.1356	0.523838
										}
										{VolumeView "rightpiston_toetofoot.ply"}
									}
									{bone prizmatic "suspension_r"
										{limits -0.1 0.1}
										{speed2 6}
										{Matrix34
											-0.337546	-0.933742	-0.119111
											0.0404903	0.112018	-0.992881
											0.940437	-0.33997	0
											-22.5619	-2.86102e-05	0.000175476
										}
										{bone revolute "wheelr"
											{parameters "ID=wheelright;Radius=35;"}
											{Matrix34
												1	0	0
												0	0	1
												0	-1	0
												9.09551	-0.0670395	-17.8586
											}
										}
										{bone "righttoebase"
											{parameters "hkaSkeleton = Reference;hkaBone = 58;"}
											{Matrix34
												-0.897956	0.0679289	0.434809
												-0.433572	0.0328045	-0.900523
												-0.0754347	-0.997151	0
												0	0	0
											}
											{bone "righttoe1"
												{parameters "hkaSkeleton = Reference;hkaBone = 59;"}
												{Matrix34
													0.900332	0.434721	-0.0204836
													-0.43481	0.900522	0
													0.0184451	0.00890647	0.99979
													-21.9207	7.9155e-05	-0.000228882
												}
												{bone "righttoe1_sm"
													{parameters "ID=RightToe1;"}
													{Matrix34
														-0.995396	-5.26814e-05	-0.0958451
														0.0958456	-4.61638e-05	-0.995396
														4.34206e-05	-1	5.32306e-05
														-8.89372	2.42564	-0.980545
													}
													{VolumeView "righttoe1_sm.ply"}
												}
											}
											{bone "righttoe3"
												{parameters "hkaSkeleton = Reference;hkaBone = 60;"}
												{Matrix34
													-0.900481	-0.434801	0.00905418
													-0.434817	0.900519	0
													-0.00815751	-0.00392692	-0.999959
													0.383755	13.1316	-0.364838
												}
												{bone "righttoe3_sm"
													{parameters "ID=RightToe3;"}
													{Matrix34
														-0.996427	-7.77639e-05	-0.0844621
														0.0844626	7.68928e-05	-0.996427
														8.82536e-05	-1	-7.27264e-05
														-4.37049	1.99058	-0.45998
													}
													{VolumeView "righttoe3_sm.ply"}
												}
											}
											{bone "righttoe2"
												{parameters "hkaSkeleton = Reference;hkaBone = 61;"}
												{Matrix34
													-0.01845	-0.00890679	-0.99979
													-0.434799	0.900527	0
													0.900337	0.43471	-0.0204882
													-8.38792	8.89625	10.1403
												}
												{bone "righttoe2_sm"
													{parameters "ID=RightToe2;"}
													{Matrix34
														-0.995396	0	-0.0958508
														0.0958499	0	-0.995396
														0	-1	-1.2281e-05
														-5.62628	1.74888	-2.12866
													}
													{VolumeView "righttoe2_sm.ply"}
												}
											}
											{bone "righttoe4"
												{parameters "hkaSkeleton = Reference;hkaBone = 62;"}
												{Matrix34
													0.00807258	0.00389684	0.99996
													-0.434802	0.900526	0
													-0.900489	-0.434786	0.00896466
													-8.56962	8.80858	-10.681
												}
												{bone "righttoe4_sm"
													{parameters "ID=RightToe4;"}
													{Matrix34
														-0.996434	0	-0.0843726
														0.0843719	0	-0.996434
														0	-1	0
														-5.45505	1.58595	0.863245
													}
													{VolumeView "righttoe4_sm.ply"}
												}
											}
											{bone "rightpiston_toetofoot_backbasedeform"
												{parameters "hkaSkeleton = Reference;hkaBone = 63;"}
												{Matrix34
													0.892207	-0.451628	0.000283963
													-0.450797	-0.890607	-0.0600072
													0.0273533	0.0534136	-0.998198
													5.33195	2.07137	-0.0256157
												}
												{bone "rightpiston_toetofoot_backbasedeformend"
													{parameters "hkaSkeleton = Reference;hkaBone = 64;"}
													{Matrix34
														0.999958	0.00365588	0.00847697
														-0.00355771	0.999932	-0.0110986
														-0.00851877	0.0110655	0.999903
														18.7513	7.05719e-05	2.28882e-05
													}
												}
												{bone "rightpiston_toetofoot_backlimitdown"
													{parameters "hkaSkeleton = Reference;hkaBone = 65;"}
													{Matrix34
														-0.999958	-0.00365591	-0.00847723
														-0.00355768	0.999932	-0.0110986
														0.00851902	-0.0110655	-0.999903
														2.53196	0.00920105	0.0213394
													}
												}
											}
											{bone "righttoebase_sm"
												{parameters "ID=RightToeBase;"}
												{Matrix34
													0.0679306	0.032805	-0.997151
													0.897956	0.433571	0.0754363
													0.434808	-0.900523	0
													-10.4212	0.712521	-0.619236
												}
												{VolumeView "righttoebase_sm.ply"}
											}
											{bone "righttoebase_fx"
												{Matrix34
													-0.900439	-0.434823	0.0117585
													-0.0106098	-0.00506778	-0.999931
													0.43485	-0.900503	-4.70105e-05
													-17.0919	11.1652	-0.651741
												}
											}
											{bone "rightpiston_toetofoot_backbasedeform_target"
												{Matrix34
													0.893773	-0.448433	0.0088052
													-0.448329	-0.893795	-0.0114389
													0.0129994	0.00627884	-0.999896
													5.33195	2.07137	-0.0256157
												}
											}
										}
									}
								}
								{bone "rightpiston_toetoleg_frontbaseupper"
									{parameters "hkaSkeleton = Reference;hkaBone = 76;"}
									{Matrix34
										-0.518901	0.854834	0.000928956
										-0.85218	-0.5172	-0.0793287
										-0.0673341	-0.0419548	0.996848
										-22.4334	0.859699	-0.204166
									}
									{bone "rightpiston_toetoleg_fronlimitup"
										{parameters "hkaSkeleton = Reference;hkaBone = 77;"}
										{Matrix34
											1	0	0
											0	1	0
											0	0	1
											7.13311	5.62668e-05	-0.000152588
										}
									}
								}
								{bone "rightleg_sm"
									{parameters "ID=RightLeg;"}
									{Matrix34
										0.0871688	0.993832	0.0685566
										-0.05389	-0.0640129	0.996493
										0.994735	-0.090558	0.0479762
										-18.1578	0.433617	-0.232235
									}
									{VolumeView "rightleg_sm.ply"}
								}
								{bone "rightpiston_toetoleg_frontbaseupper_target"
									{Matrix34
										-0.511632	0.859159	0.00886131
										0.859029	0.511289	0.0255483
										0.017421	0.0206832	-0.999635
										-22.4334	0.859692	-0.20417
									}
								}
								{bone "rightpiston_toetoleg"
									{parameters "CommonMesh;ID=RightPiston_ToeToLeg;"}
									{Matrix34
										-0.0539161	-0.0640098	0.996492
										-0.641941	-0.762173	-0.0836903
										0.764858	-0.6442	0
										-29.5817	13.51	-0.506554
									}
									{VolumeView "rightpiston_toetoleg.ply"}
								}
							}
						}
						{bone "rightpiston_upperlegtoshoulder_backbaseupper"
							{parameters "hkaSkeleton = Reference;hkaBone = 87;"}
							{Matrix34
								0.270852	0.957443	-0.0997134
								-0.143949	-0.0621354	-0.987633
								-0.951797	0.281858	0.120993
								-51.6595	4.56653	-1.22477
							}
							{bone "rightpiston_upperlegtoshoulder_backlimitup"
								{parameters "hkaSkeleton = Reference;hkaBone = 88;"}
								{Matrix34
									1	0	0
									0	1	0
									0	0	1
									2.0753	7.62939e-05	9.15527e-05
								}
							}
						}
						{bone "rightpiston_upperlegtoshoulder_frontbaseupper"
							{parameters "hkaSkeleton = Reference;hkaBone = 89;"}
							{Matrix34
								0.0759401	0.972158	-0.221681
								0.357793	0.180949	0.916102
								0.930708	-0.148887	-0.33409
								-23.932	7.35422	-1.18723
							}
							{bone "rightpiston_upperlegtoshoulder_frontlimitup"
								{parameters "hkaSkeleton = Reference;hkaBone = 90;"}
								{Matrix34
									1	0	0
									0	1	0
									0	0	1
									-21.3261	0.000846863	0.000305176
								}
							}
							{bone "rightpiston_upperlegtoshoulder"
								{parameters "CommonMesh;ID=RightPiston_UpperLegToShoulder;"}
								{Matrix34
									-1	0	0
									0	0.899541	0.436835
									0	0.436837	-0.899541
									0	1.52588e-05	0
								}
								{VolumeView "rightpiston_upperlegtoshoulder.ply"}
							}
						}
						{bone "rightupleg_sm"
							{parameters "ID=RightUpLeg;"}
							{Matrix34
								-0.290905	0.0861458	-0.952866
								0.913648	-0.270558	-0.303392
								-0.283939	-0.958842	0
								-25.6259	-0.0827026	-1.06789
							}
							{VolumeView "rightupleg_sm.ply"}
							{bone "rightupleg_cylplate_01"
								{parameters "ID=RightUpLeg_cylplate_01;"}
								{Matrix34
									0.939693	0.342019	0
									-0.342019	0.939693	0
									0	0	1
									0.52496	27.868	-7.62938
								}
								{VolumeView "rightupleg_cylplate_01.ply"}
							}
							{bone "rightupleg_cylplate_02"
								{parameters "ID=RightUpLeg_cylplate_02;"}
								{Matrix34
									-0.939693	-0.34202	0
									0.34202	-0.939692	0
									0	0	1
									-16.2917	22.4148	-7.98927
								}
								{VolumeView "rightupleg_cylplate_02.ply"}
							}
							{bone "organs_leg_right"
								{parameters "ID=orgrans_leg_right;"}
								{Matrix34
									0	1	0
									-1	0	0
									0	0	1
									-6.67296	20.4618	-6.6879
								}
								{VolumeView "organs_leg_right.ply"}
							}
							{bone "enumerator2"
								{parameters "ID=RightUpLeg;"}
								{Matrix34
									1	0	0
									0	1	0
									0	0	1
									8.27086	2.72071	0.215515
								}
								{VolumeView "enumerator2.ply"}
							}
						}
						{bone "rightpiston_upperlegtoshoulder_frontbaseupper_target"
							{Matrix34
								-0.0759434	-0.972158	0.22168
								-0.70333	-0.105363	-0.703012
								0.706795	-0.209304	-0.675746
								-23.932	7.35422	-1.18723
							}
						}
						{bone "rightcableshouldersm_target"
							{Matrix34
								0.355889	0.930544	0.0862045
								-0.715021	0.211741	0.666266
								0.601736	-0.298757	0.740715
								-6.50511	-16.1543	7.06164
							}
							{bone "rightcableshouldersm"
								{parameters "Clear;"}
								{Matrix34
									-0.105508	-0.40862	-0.906586
									-0.993296	0	0.115602
									-0.0472346	0.912705	-0.405879
									-1.52588e-05	0	0
								}
							}
						}
					}
				}
				{bone "leftshoulder"
					{parameters "hkaSkeleton = Reference;hkaBone = 12;"}
					{Matrix34
						-0.0108506	0.996691	0.0805553
						0.133047	0.0812831	-0.987771
						-0.99105	0	-0.133489
						-23.5156	0	2.27427
					}
					{bone "leftarm"
						{parameters "hkaSkeleton = Reference;hkaBone = 50;"}
						{Matrix34
							0.0108507	-0.133048	0.99105
							0.996691	0.0812847	0
							-0.080557	0.987771	0.13349
							0.152626	-1.87163	13.9414
						}
						{bone "leftforearm"
							{parameters "hkaSkeleton = Reference;hkaBone = 51;"}
							{Position 19.1889	2.28882e-05	0}
							{bone "lefthand"
								{parameters "hkaSkeleton = Reference;hkaBone = 52;"}
								{Position 18.6721	0	0}
							}
						}
					}
					{bone "shoulder_plate_left"
						{parameters "ID=shoulder_plate_left;"}
						{Matrix34
							0.0108499	-0.133048	0.99105
							0.0805556	-0.987771	-0.13349
							0.996691	0.0812831	0
							1.10223	1.09272	4.89462
						}
						{VolumeView "shoulder_plate_left.ply"}
					}
					{bone "leftshoulder_sm"
						{parameters "ID=LeftShoulder;"}
						{Matrix34
							0.010851	-0.133049	0.99105
							0.0805566	-0.987771	-0.133491
							0.996691	0.0812844	0
							3.61637	1.29244	-3.1728
						}
						{VolumeView "leftshoulder_sm.ply"}
						{bone "organs_hip_left"
							{parameters "ID=hip_left;"}
							{Matrix34
								-1	0	0
								0	-1	0
								0	0	1
								1.80175	-1.01939	-3.89779
							}
							{VolumeView "organs_hip_left.ply"}
						}
						{bone "leftshoulder_bone"
							{Matrix34
								-1	0	0
								0	0	1
								0	1	0
								0.21183	9.08989	-3.52731
							}
							{bone "leftshoulder_ring"
								{parameters "ID=LeftShoulder;"}
								{Matrix34
									-1	0	0
									0	0	1
									0	1	0
									0	-2.51006	-0.0271139
								}
								{VolumeView "leftshoulder_ring.ply"}
							}
						}
					}
					{bone "leftshoulder_spring"
						{parameters "CommonMesh;ID=LeftShoulder;"}
						{Matrix34
							0.0108508	-0.133049	0.99105
							0.080556	-0.987771	-0.133491
							0.996691	0.0812837	0
							11.4388	2.30221	0.46427
						}
						{VolumeView "leftshoulder_spring.ply"}
					}
					{bone "leftupleg"
						{parameters "hkaSkeleton = Reference;hkaBone = 13;"}
						{Matrix34
							0.359758	-0.918098	0.166341
							0.932939	0.356649	-0.049258
							-0.0141012	0.172907	0.984837
							23.1217	-1.71661e-05	4.95911e-05
						}
						{bone "leftupleg1"
							{parameters "hkaSkeleton = Reference;hkaBone = 14;"}
							{Matrix34
								-0.594189	-0.784661	0.176769
								-0.676352	0.606375	0.418159
								-0.435302	0.128907	-0.891008
								54.1843	7.62939e-05	-5.72205e-05
							}
							{bone "leftcableupperlegupsm"
								{parameters "Clear;"}
								{Matrix34
									-0.0631807	-0.149458	0.986747
									0.921081	-0.389372	0
									0.384211	0.908874	0.162265
									29.8621	-16.2071	-15.2125
								}
								{bone "leftcableupperlegup_00_clunk"
									{parameters "Clear;"}
									{Matrix34
										0	-0.766045	-0.642787
										-1	0	0
										0	0.642788	-0.766044
										1.42474	6.96621	-3.75042
									}
								}
								{bone "leftcableupperlegup_01_clunk"
									{parameters "Clear;"}
									{Matrix34
										0	-0.766045	-0.642787
										-1	0	0
										0	0.642788	-0.766044
										0.821465	4.93689	0.469643
									}
								}
								{bone "leftcableupperlegup_02_clunk"
									{parameters "Clear;"}
									{Matrix34
										0	-0.766045	-0.642787
										-1	0	0
										0	0.642788	-0.766044
										0.00761795	2.06638	4.90654
									}
								}
								{bone "leftcableupperlegup_03_clunk"
									{parameters "Clear;"}
									{Matrix34
										0	-0.766045	-0.642787
										-1	0	0
										0	0.642788	-0.766044
										-0.380745	0.163101	9.08734
									}
								}
								{bone "leftcableupperlegupsm1_target"
									{Matrix34
										1	0	0
										0	0	1
										0	-1	0
										-0.106426	-6.7065	-8.57518
									}
								}
								{bone "leftcableupperlegupsm1"
									{parameters "Clear;"}
									{Position -0.10643	-6.7065	-8.57518}
								}
							}
							{bone "leftcableupperlegsm2"
								{parameters "Clear;"}
								{Matrix34
									-0.0631807	-0.149458	0.986747
									0.921081	-0.389372	0
									0.384211	0.908874	0.162265
									35.6154	-1.27174	-5.97416
								}
							}
							{bone "leftcableupperlegdownsm"
								{parameters "Clear;"}
								{Matrix34
									-0.0631807	-0.149458	0.986747
									0.921081	-0.389372	0
									0.384211	0.908874	0.162265
									72.3141	-6.45751	-11.922
								}
								{bone "leftcableupperlegdownsm1"
									{parameters "Clear;"}
									{Position -1.771	12.799	8.28923}
								}
							}
							{bone "leftleg"
								{parameters "hkaSkeleton = Reference;hkaBone = 15;"}
								{Matrix34
									0.454448	-0.889314	-0.050964
									-0.890241	-0.451453	-0.0605111
									0.0308049	0.072869	-0.996866
									103.297	-3.43323e-05	-8.01086e-05
								}
								{bone "leftfoot"
									{parameters "hkaSkeleton = Reference;hkaBone = 16;"}
									{Matrix34
										0.50043	-0.865693	0.012102
										-0.865473	-0.499835	0.0334794
										-0.0229339	-0.0272288	-0.999366
										37.838	-1.52588e-05	-0.000156403
									}
									{bone "leftpiston_toetofoot_backbaseupper"
										{parameters "Clear;"}
										{Matrix34
											0.953494	0.300208	0.0269199
											-0.013346	0.131273	-0.991257
											-0.301118	0.944797	0.129175
											-1.1755	-11.934	-0.828228
										}
										{bone "leftpiston_toetofoot_backlimitup"
											{parameters "Clear;"}
											{Position -3.43162	0.066803	-0.159752}
										}
									}
									{bone "leftpiston_foottoupleg_backbaselower"
										{parameters "Clear;"}
										{Matrix34
											0.925067	-0.379755	-0.0061176
											0.379581	0.923848	0.0492318
											-0.0130437	-0.0478644	0.998769
											-0.989639	-2.52729	-0.906448
										}
										{bone "leftpiston_upperlegtoleg_backrotdeform"
											{parameters "Clear;"}
											{Matrix34
												0.989314	0.14326	0.0271113
												0.144282	-0.935158	-0.323517
												-0.0209936	0.32397	-0.945834
												-4.85575	2.08127	1.18711
											}
											{bone "leftpiston_foottoupleg_backbasedeformend"
												{parameters "Clear;"}
												{Matrix34
													0.999919	-0.0124491	0.00285291
													0.0126093	0.926879	-0.375148
													0.00202547	0.375154	0.926961
													-15.0425	1.52588e-05	0
												}
											}
											{bone "leftpiston_upperlegtoleg_frontlimitdown"
												{parameters "Clear;"}
												{Matrix34
													-0.999987	0.0049251	-0.00112493
													0.00493731	0.905883	-0.423498
													-0.00106622	-0.423499	-0.905896
													-1.97501	0.00960159	-0.00231934
												}
											}
										}
									}
									{bone "leftpiston_toetoleg_frontbaselower"
										{parameters "Clear;"}
										{Matrix34
											0.0201913	0.992383	0.121523
											-0.999686	0.0218464	-0.0123033
											-0.014864	-0.121236	0.992513
											21.2655	13.1519	0.519855
										}
										{bone "leftpiston_toetoleg_frontbasedeform"
											{parameters "Clear;"}
											{Matrix34
												0.998975	-0.0438321	-0.0113324
												0.0441599	0.998559	0.0304922
												0.00998026	-0.0309617	0.999471
												1.22721	-0.675003	-0.262821
											}
											{bone "leftpiston_toetoleg_frontbasedeformend"
												{parameters "Clear;"}
												{Matrix34
													0.998975	0.0441606	0.00998121
													-0.0438326	0.998559	-0.0309617
													-0.0113333	0.0304922	0.999471
													-21.4457	0	0
												}
											}
											{bone "leftpiston_toetoleg_fronlimitdown"
												{parameters "Clear;"}
												{Matrix34
													-0.999756	-0.0220393	-0.0017867
													-0.0220297	0.999744	-0.00515113
													0.001899	-0.00511021	-0.999985
													-2.59991	-0.0573692	-0.00462341
												}
											}
										}
									}
									{bone "leftfoot_sm"
										{parameters "ID=Leftfoot;"}
										{Matrix34
											0.337525	0.93375	0.119111
											0.0404644	0.112026	-0.992881
											-0.940447	0.339941	2.77201e-05
											7.36666	0.794996	0.00944138
										}
										{VolumeView "leftfoot_sm.ply"}
										{bone "leftfoot_cylplate_01"
											{parameters "ID=LeftFoot_cylplate_01;"}
											{Matrix34
												0	1	2.8342e-05
												-1	0	-2.66582e-05
												-2.80738e-05	-2.85356e-05	1
												-2.8819	8.94598	6.92757
											}
											{VolumeView "leftfoot_cylplate_01.ply"}
										}
										{bone "leftfoot_cylplate_02"
											{parameters "ID=LeftFoot_cylplate_02;"}
											{Matrix34
												0	-1	0
												1	0	0
												0	0	1
												-1.58366	-9.07867	7.0318
											}
											{VolumeView "leftfoot_cylplate_02.ply"}
										}
									}
									{bone "leftpiston_foottoupleg_backbaselower_target"
										{Matrix34
											0.925009	-0.37994	-0.00190417
											0.379646	0.92407	0.0443116
											-0.0150756	-0.041711	0.999016
											-0.989643	-2.52729	-0.906448
										}
									}
									{bone "leftpiston_toetofoot_backbaseupper_target"
										{Matrix34
											-0.953494	-0.300207	-0.0269207
											0.301034	-0.952962	-0.0352375
											-0.0150753	-0.0417023	0.999016
											-1.17551	-11.934	-0.828232
										}
									}
									{bone "leftpiston_toetoleg_frontbaselower_target"
										{Matrix34
											0.99932	-0.0352205	0.010911
											-0.0348339	-0.99882	-0.0338455
											0.0120898	0.0334418	-0.999368
											21.2655	13.1519	0.519855
										}
									}
									{bone "leftpiston_toetofoot"
										{parameters "CommonMesh;ID;"}
										{Matrix34
											0.0404908	0.112017	-0.992881
											-0.33755	-0.933741	-0.119111
											-0.940437	0.339969	0
											-0.549557	-12.1081	-0.48909
										}
										{VolumeView "leftpiston_toetofoot.ply"}
									}
									{bone prizmatic "suspension_l"
										{limits -0.1 0.1}
										{speed2 6}
										{Matrix34
											0.33755	0.933741	0.119112
											0.0404913	0.112018	-0.992881
											-0.940437	0.339969	0
											22.562	0.000106812	-0.000190735
										}
										{bone "lefttoebase"
											{parameters "hkaSkeleton = Reference;hkaBone = 17;"}
											{Matrix34
												0.897957	0.0679295	-0.43481
												0.43357	0.0328032	0.900522
												0.0754351	-0.997151	0
												0	0	0
											}
											{bone "lefttoe1"
												{parameters "hkaSkeleton = Reference;hkaBone = 18;"}
												{Matrix34
													0.900333	0.434719	-0.0204836
													-0.434812	0.900522	0
													0.0184445	0.00890753	0.99979
													21.9208	-9.15527e-05	0.000232697
												}
												{bone revolute "roller_01_joint"
													{limits -25 25}
													{Matrix34
														1	0	0
														0	1	0
														0	0	1
