;Exported by: Xpycmb
;Date:        Sun Jan 19 00:08:12 2025
;File:        C:\Users\Xpycmb\Documents\3ds Max 2020\scenes\dreadnought_base_cannon.max
{Skeleton
	(include "anim_instance.inc")	
	{bone revolute "basis"
		{limits 0 -0}
		{speed 0.2}
		{terminator}
		{Orientation
			1	0	0
			0	-1	0
			0	0	1
		}
		{bone revolute "gas_drop_v"
			{speed 1}
			{Matrix34
				0.988321	-0.00316819	-0.152352
				0.152358	0.00528945	0.988311
				-0.00232458	-0.999981	0.00571258
				10.1963	-0.502546	23.6238
			}
			{bone revolute "gas_drop_h"
				{speed 1}
				{Matrix34
					0	0	1
					1	-1.75536e-05	0
					0	1	0
					0	0	0
				}
				{bone "gas_drop_foresight"
					{parameters "Socket;"}
					{Matrix34
						0	1	0
						-1	0	0
						0	0	1
						0	0	0
					}
				}
			}
		}
		{bone revolute "pestcontainer_drop_v"
			{speed 1}
			{Matrix34
				0.988321	-0.00316819	-0.152352
				0.152358	0.00528945	0.988311
				-0.00232458	-0.999981	0.00571258
				10.1963	-0.502546	26.2739
			}
			{bone revolute "pestcontainer_drop_h"
				{speed 1}
				{Matrix34
					0	0	1
					1	-1.70916e-05	0
					0	1	0
					0	0	0
				}
				{bone "pestcontainer_drop_foresight"
					{parameters "Socket;"}
					{Matrix34
						0	1	0
						-1	0	0
						0	0	1
						0	0	0
					}
				}
			}
		}
		{bone revolute "attack_melee_v"
			{speed 1}
			{Matrix34
				0.988321	-0.00316819	-0.152352
				0.152358	0.00528945	0.988311
				-0.00232458	-0.999981	0.00571258
				10.1963	-0.502546	18.2706
			}
			{bone revolute "attack_melee_h"
				{speed 1}
				{Matrix34
					0	0	1
					1	-1.75238e-05	0
					0	1	0
					0	0	0
				}
				{bone "attack_melee_foresight"
					{parameters "Socket;"}
					{Matrix34
						0	1	0
						-1	0	0
						0	0	1
						0	0	0
					}
				}
			}
		}
		{bone "concussion"
			{Position 39.6925	0	6.70328}
		}
		{bone "reference2"
			{Matrix34
				0	-1	0
				0	0	1
				-1	0	0
				0	0	0
			}
			{bone "hips"
				{parameters "hkaSkeleton = Reference;hkaBone = 1;"}
				{Position 0	124.731	-1.85864e-05}
				{bone "rightshoulder"
					{parameters "hkaSkeleton = Reference;hkaBone = 53;"}
					{Matrix34
						-0.0108509	-0.996691	-0.0805552
						0.133048	-0.0812833	0.987771
						-0.99105	0	0.133489
						23.5156	0	2.27428
					}
					{bone "rightarm"
						{parameters "hkaSkeleton = Reference;hkaBone = 91;"}
						{Matrix34
							0.0108506	-0.133048	0.99105
							0.996691	0.081284	0
							-0.0805557	0.987771	0.133489
							-0.152634	1.87164	-13.9415
						}
						{bone "rightforearm"
							{parameters "hkaSkeleton = Reference;hkaBone = 92;"}
							{Position -19.1889	0	0}
							{bone "righthand"
								{parameters "hkaSkeleton = Reference;hkaBone = 93;"}
								{Position -18.672	0	0}
							}
						}
					}
					{bone "shoulder_plate_right"
						{parameters "ID=shoulder_plate_right;"}
						{Matrix34
							-0.0108505	0.133047	-0.99105
							0.0805536	-0.987771	-0.133488
							-0.996691	-0.0812818	0
							-1.10226	-1.09277	-4.89462
						}
						{VolumeView "shoulder_plate_right.ply"}
					}
					{bone "rightshoulder_sm"
						{parameters "ID=RightShoulder;"}
						{Matrix34
							-0.0108506	0.133046	-0.991051
							0.0805555	-0.987771	-0.133487
							-0.996691	-0.0812839	0
							-3.61634	-1.29235	3.17279
						}
						{VolumeView "rightshoulder_sm.ply"}
						{bone "organs_hip_right"
							{parameters "ID=hip_right;"}
							{Matrix34
								1	0	0
								0	1	0
								0	0	1
								1.88435	1.01948	-3.89774
							}
							{VolumeView "organs_hip_right.ply"}
						}
						{bone "rightshoulder_bone"
							{Matrix34
								1	0	0
								0	0	1
								0	-1	0
								0.211824	-9.0899	-3.52727
							}
							{bone "rightshoulder_ring"
								{parameters "ID=RightShoulder;"}
								{Matrix34
									1	0	0
									0	0	-1
									0	1	0
									0	-2.51006	-0.0271063
								}
								{VolumeView "rightshoulder_ring.ply"}
							}
						}
					}
					{bone "rightshoulder_spring"
						{parameters "CommonMesh;ID=RightShoulder;"}
						{Matrix34
							-0.0108506	0.133046	-0.991051
							0.0805556	-0.987771	-0.133487
							-0.996691	-0.0812841	0
							-11.4388	-2.30211	-0.464291
						}
						{VolumeView "rightshoulder_spring.ply"}
					}
					{bone prizmatic "suspension_r1"
						{limits -0.4 0.4}
						{speed2 6}
						{Matrix34
							-0.0108512	0.133046	-0.991051
							-0.00662059	-0.991097	-0.132981
							-0.999919	0.00511696	0.0116348
							0	0	0
						}
					}
					{bone "rightupleg"
						{parameters "hkaSkeleton = Reference;hkaBone = 54;"}
						{Matrix34
							0.359758	-0.918098	0.166341
							0.932939	0.35665	-0.049258
							-0.0141012	0.172906	0.984837
							-23.1217	1.62125e-05	-7.24792e-05
						}
						{bone "rightupleg1"
							{parameters "hkaSkeleton = Reference;hkaBone = 55;"}
							{Matrix34
								-0.594186	-0.784662	0.176768
								-0.676354	0.606374	0.418159
								-0.435301	0.128907	-0.891008
								-54.1843	-3.05176e-05	3.24249e-05
							}
							{bone "rightcableupperlegupsm"
								{parameters "Clear;"}
								{Matrix34
									-0.0631815	-0.149458	0.986747
									0.921081	-0.389374	0
									0.38421	0.908874	0.162264
									-29.8621	16.2071	15.2124
								}
								{bone "rightcableupperlegup_00_clunk"
									{parameters "Clear;"}
									{Matrix34
										0	0.819152	0.573575
										0	0.573578	-0.819152
										-1	0	0
										0.0769119	0.314499	-9.18335
									}
								}
								{bone "rightcableupperlegup_01_clunk"
									{parameters "Clear;"}
									{Matrix34
										0	0.819152	0.573575
										0	0.573578	-0.819152
										-1	0	0
										0.0769081	-2.26004	-4.96997
									}
								}
								{bone "rightcableupperlegup_02_clunk"
									{parameters "Clear;"}
									{Matrix34
										0	0.819152	0.573575
										0	0.573578	-0.819152
										-1	0	0
										-1.08715	-4.7744	-1.02179
									}
								}
								{bone "rightcableupperlegup_03_clunk"
									{parameters "Clear;"}
									{Matrix34
										0	0.819152	0.573575
										0	0.573578	-0.819152
										-1	0	0
										-1.25207	-7.57816	3.15197
									}
								}
								{bone "rightcableupperlegupsm1_target"
									{Matrix34
										-0.335227	-0.84288	-0.420922
										-0.782235	0	0.622984
										-0.525102	0.538103	-0.659329
										0.106491	6.70665	8.57508
									}
								}
								{bone "rightcableupperlegupsm1"
									{parameters "Clear;"}
									{Matrix34
										1	0	0
										0	1	0
										0	0	1
										0.106495	6.70667	8.57508
									}
								}
							}
							{bone "rightcableupperlegsm2"
								{parameters "Clear;"}
								{Matrix34
									-0.0631815	-0.149458	0.986747
									0.921081	-0.389374	0
									0.38421	0.908874	0.162264
									-35.6153	1.2718	5.97417
								}
							}
							{bone "rightcableupperlegdownsm"
								{parameters "Clear;"}
								{Matrix34
									-0.0631815	-0.149458	0.986747
									0.921081	-0.389374	0
									0.38421	0.908874	0.162264
									-72.3139	6.45757	11.922
								}
								{bone "rightcableupperlegdownsm1"
									{parameters "Clear;"}
									{Matrix34
										1	0	0
										0	1	0
										0	0	1
										1.77112	-12.799	-8.28913
									}
								}
							}
							{bone "rightpiston_upperlegtoshoulder_backbasedeform"
								{parameters "hkaSkeleton = Reference;hkaBone = 78;"}
								{Matrix34
									0.927956	-0.364156	-0.0793151
									-0.0436063	-0.317441	0.947275
									-0.37013	-0.87557	-0.310451
									-28.0976	9.26986	2.89449
								}
								{bone "rightpiston_upperlegtoshoulder_backbasedeformend"
									{parameters "hkaSkeleton = Reference;hkaBone = 79;"}
									{Matrix34
										1	0	0
										0	1	0
										0	0	1
										14.2454	5.72205e-05	1.52588e-05
									}
								}
								{bone "rightpiston_upperlegtoshoulder_backlimitdown"
									{parameters "hkaSkeleton = Reference;hkaBone = 80;"}
									{Matrix34
										-0.999849	0.0170263	0.00344013
										0.0171344	0.999272	0.0340975
										-0.00286077	0.0341516	-0.999413
										2.45482	-0.0416374	-0.00855255
									}
								}
							}
							{bone "rightpiston_upperlegtoleg_frontbaseupper"
								{parameters "hkaSkeleton = Reference;hkaBone = 81;"}
								{Matrix34
									-0.939666	0.341934	-0.0105438
									0.335824	0.927881	0.162044
									0.0651921	0.148726	-0.986727
									-69.7742	15.907	2.44449
								}
								{bone "rightpiston_upperlegtoleg_frontlimitup"
									{parameters "hkaSkeleton = Reference;hkaBone = 82;"}
									{Matrix34
										0.997634	-0.0665146	0.017353
										0.0685714	0.980823	-0.182439
										-0.00488521	0.183197	0.983064
										24.3253	0.00012207	-8.39233e-05
									}
								}
							}
							{bone "rightarmorplate_knee"
								{parameters "hkaSkeleton = Reference;hkaBone = 83;"}
								{Matrix34
									-0.0631812	-0.149458	0.986747
									0.921081	-0.389373	0
									0.384209	0.908874	0.162264
									-103.296	0.000217438	0.000152588
								}
								{bone "rightarmorplate_knee_sm"
									{parameters "ID=RightArmorPlate_Knee;"}
									{Matrix34
										0	0	-1
										-1	0	0
										0	1	0
										0.214497	-4.23014	-7.34798
									}
									{VolumeView "rightarmorplate_knee_sm.ply"}
									{bone "kneepad_r"
										{parameters "ID=kneepad_r;"}
										{Matrix34
											1	0	0
											0	1	0
											0	0	1
											9.64248	-1.27699	-2.39085
										}
										{VolumeView "kneepad_r.ply"}
									}
									{bone "hydraulic_knee_right"
										{parameters "ID=hydraulic_knee_right;"}
										{Matrix34
											0	-1	0
											1	0	0
											0	0	1
											-6.24673	0.117203	3.87629
										}
										{VolumeView "hydraulic_knee_right.ply"}
									}
								}
							}
							{bone "rightpiston_upperlegtoshoulder_frontbasedeform"
								{parameters "hkaSkeleton = Reference;hkaBone = 84;"}
								{Matrix34
									0.847125	-0.44543	-0.289782
									0.375183	0.887528	-0.267453
									0.37632	0.117844	0.918965
									-60.7502	2.84864	1.42343
								}
								{bone "rightpiston_upperlegtoshoulder_frontbasedeformend"
									{parameters "hkaSkeleton = Reference;hkaBone = 85;"}
									{Matrix34
										0.999952	-0.0086764	-0.00464666
										0.00215429	0.653682	-0.756767
										0.00960065	0.75672	0.653668
										13.1661	-5.53131e-05	-6.86646e-05
									}
								}
								{bone "rightpiston_upperlegtoshoulder_frontlimitdown"
									{parameters "hkaSkeleton = Reference;hkaBone = 86;"}
									{Matrix34
										1	0	0
										0	1	2.58526e-05
										0	-2.73682e-05	1
										1.83727	0.00061512	0.000343323
									}
								}
							}
							{bone "legplate_right"
								{parameters "ID=legplate_right;"}
								{Matrix34
									0	-1	0
									1	0	0
									0	0	1
									-72.4714	-1.80157	1.30106
								}
								{VolumeView "legplate_right.ply"}
							}
							{bone "rightupleg_spring"
								{parameters "ID=RightUpLeg;"}
								{Matrix34
									-0.384203	-0.908877	-0.162264
									0.0631869	0.149455	-0.986748
									0.921083	-0.389367	0
									-15.8379	4.81411	2.48689
								}
								{VolumeView "rightupleg_spring.ply"}
							}
							{bone "rightupleg1_sm"
								{parameters "ID=RightLeg1;"}
								{Matrix34
									0.127813	-0.981793	-0.140524
									0.0631735	0.149457	-0.986748
									0.989785	0.117238	0.0811247
									-66.1304	8.42904	1.4354
								}
								{VolumeView "rightupleg1_sm.ply"}
								{bone "rightupleg1_cylplate_01"
									{parameters "ID=RightUpLeg1_cylplate_01;"}
									{Matrix34
										0	-1	0
										1	0	0
										0	0	1
										3.8089	-11.3655	-38.0026
									}
									{VolumeView "rightupleg1_cylplate_01.ply"}
								}
								{bone "rightupleg1_cylplate_02"
									{parameters "ID=RightUpLeg1_cylplate_02;"}
									{Matrix34
										0	1	0
										-1	0	0
										0	0	1
										4.98634	6.56997	-38.516
									}
									{VolumeView "rightupleg1_cylplate_02.ply"}
								}
							}
							{bone "rightpiston_upperlegtoleg_frontbaseupper_target"
								{Matrix34
									-0.945836	0.32447	0.010703
									-0.309914	-0.892617	-0.327394
									-0.0966762	-0.312978	0.944827
									-69.7741	15.907	2.44449
								}
							}
							{bone "rightpiston_upperlegtoshoulder_frontbasedeformtarget"
								{Matrix34
									0.847128	-0.445423	-0.289783
									0.376306	0.117815	0.918974
									-0.375189	-0.887535	0.26742
									-60.7502	2.84864	1.42343
								}
							}
							{bone "rightpiston_upperleg"
								{parameters "CommonMesh;ID;"}
								{Matrix34
									-0.930117	0.366208	0.0278428
									0.0341235	0.161652	-0.986258
									-0.365673	-0.916385	-0.162851
									-69.7741	15.907	2.44449
								}
								{VolumeView "rightpiston_upperleg.ply"}
							}
							{bone "rightleg"
								{parameters "hkaSkeleton = Reference;hkaBone = 56;"}
								{Matrix34
									0.454449	-0.889315	-0.0509637
									-0.89024	-0.451453	-0.0605108
									0.0308049	0.0728689	-0.996866
									-103.296	0.000209808	0.000156403
								}
								{bone "rightfoot"
									{parameters "hkaSkeleton = Reference;hkaBone = 57;"}
									{Matrix34
										0.500431	-0.865692	0.0121013
										-0.865474	-0.499834	0.0334798
										-0.0229333	-0.0272292	-0.999366
										-37.838	4.57764e-05	0.00019455
									}
									{bone "rightpiston_toetofoot_backbaseupper"
										{parameters "hkaSkeleton = Reference;hkaBone = 66;"}
										{Matrix34
											-0.953494	-0.300207	-0.0269205
											-0.0133472	0.131274	-0.991256
											0.301119	-0.944798	-0.129174
											1.17544	11.9341	0.828194
										}
										{bone "rightpiston_toetofoot_backlimitup"
											{parameters "hkaSkeleton = Reference;hkaBone = 67;"}
											{Matrix34
												1	0	0
												0	1	0
												0	0	1
												3.43162	-0.0667992	0.159742
											}
										}
									}
									{bone "rightpiston_foottoupleg_backbaselower"
										{parameters "hkaSkeleton = Reference;hkaBone = 68;"}
										{Matrix34
											0.956619	-0.291226	0.00831479
											-0.288218	-0.950147	-0.118951
											0.0425394	0.111395	-0.992865
											0.28315	0.610672	-0.0787201
										}
										{bone "rightpiston_upperlegtoleg_backrotdeform"
											{parameters "hkaSkeleton = Reference;hkaBone = 69;"}
											{Matrix34
												0.998685	0.0438093	0.0266206
												0.0506971	-0.920836	-0.386641
												0.00757899	0.387482	-0.921846
												4.77061	-2.24272	-1.26311
											}
											{bone "rightpiston_foottoupleg_backbasedeformend"
												{parameters "hkaSkeleton = Reference;hkaBone = 70;"}
												{Matrix34
													0.999918	-0.0124502	0.00285523
													0.0126074	0.92688	-0.375147
													0.00202716	0.375152	0.926961
													15.0425	-2.67029e-05	5.14984e-05
												}
											}
											{bone "rightpiston_upperlegtoleg_frontlimitdown"
												{parameters "hkaSkeleton = Reference;hkaBone = 71;"}
												{Matrix34
													-0.999987	0.00492625	-0.00112724
													0.00493528	0.905884	-0.423498
													-0.00106782	-0.423498	-0.905896
													1.97499	-0.0095787	0.0023632
												}
											}
										}
									}
									{bone "rightpiston_toetoleg_frontbaselower"
										{parameters "hkaSkeleton = Reference;hkaBone = 72;"}
										{Matrix34
											0.999686	-0.0218508	0.0123047
											-0.0203193	-0.993398	-0.112905
											0.014688	0.11262	-0.99353
											-21.2655	-13.1518	-0.519886
										}
										{bone "rightpiston_toetoleg_frontbasedeform"
											{parameters "hkaSkeleton = Reference;hkaBone = 73;"}
											{Matrix34
												0.998975	-0.0438296	-0.0113343
												0.0441616	0.998559	0.0304918
												0.00997883	-0.0309619	0.999471
												-1.22725	0.674986	0.262825
											}
											{bone "rightpiston_toetoleg_frontbasedeformend"
												{parameters "hkaSkeleton = Reference;hkaBone = 74;"}
												{Matrix34
													0.998975	0.0441628	0.00997937
													-0.0438304	0.998559	-0.030961
													-0.0113351	0.0304907	0.999471
													21.4456	5.14984e-05	-0.000114441
												}
											}
											{bone "rightpiston_toetoleg_fronlimitdown"
												{parameters "hkaSkeleton = Reference;hkaBone = 75;"}
												{Matrix34
													-0.999756	-0.0220415	-0.00178486
													-0.0220273	0.999744	-0.00515153
													0.00190081	-0.00510976	-0.999985
													2.5999	0.057313	0.0046463
												}
											}
										}
									}
									{bone "rightfoot_sm"
										{parameters "ID=Rightfoot;"}
										{Matrix34
											-0.337525	-0.933749	-0.119113
											0.0405126	0.112011	-0.992881
											0.940444	-0.339952	2.37928e-05
											-7.36658	-0.794851	-0.0094223
										}
										{VolumeView "rightfoot_sm.ply"}
										{bone "rightfoot_cylplate_01"
											{parameters "ID=RightFoot_cylplate_01;"}
											{Matrix34
												0	-1	2.42889e-05
												2.3514e-05	2.14875e-05	1
												-1	0	1.90139e-05
												-2.87886	-8.94327	6.92813
											}
											{VolumeView "rightfoot_cylplate_01.ply"}
										}
										{bone "rightfoot_cylplate_02"
											{parameters "ID=RightFoot_cylplate_02;"}
											{Matrix34
												0	1	0
												-1	0	0
												0	0	1
												-1.58334	9.07904	7.03134
											}
											{VolumeView "rightfoot_cylplate_02.ply"}
										}
									}
									{bone "rightpiston_toetofoot_backbaseupper_target"
										{Matrix34
											-0.953494	-0.300205	-0.0269201
											0.301036	-0.952962	-0.0352359
											-0.015074	-0.0417016	0.999016
											1.17544	11.9341	0.828194
										}
									}
									{bone "rightpiston_foottoupleg_backbaselower_target"
										{Matrix34
											0.953918	-0.300065	0.00186692
											0.299688	0.953007	0.0443122
											-0.0150741	-0.0417111	0.999016
											0.283173	0.610657	-0.0787163
										}
									}
									{bone "rightpiston_toetoleg_frontbaselower_target"
										{Matrix34
											0.999078	-0.0415903	0.0106931
											-0.0412021	-0.998575	-0.0339226
											0.0120869	0.0334512	-0.999367
											-21.2655	-13.1518	-0.51989
										}
									}
									{bone "rightpiston_toetofoot"
										{parameters "CommonMesh;ID;"}
										{Matrix34
											0.0121456	0.200849	-0.979547
											0.339613	0.920558	0.192965
											0.940486	-0.335014	-0.0570283
											0.540016	12.1356	0.523834
										}
										{VolumeView "rightpiston_toetofoot.ply"}
									}
									{bone prizmatic "suspension_r"
										{limits -0.1 0.1}
										{speed2 6}
										{Matrix34
											-0.337546	-0.933742	-0.119112
											0.0404899	0.112018	-0.992881
											0.940437	-0.33997	0
											-22.5619	-3.43323e-05	0.000164032
										}
										{bone revolute "wheelr"
											{parameters "ID=wheelright;Radius=35;"}
											{Matrix34
												1	0	0
												0	0	1
												0	-1	0
												9.0955	-0.0670166	-17.8586
											}
										}
										{bone "righttoebase"
											{parameters "hkaSkeleton = Reference;hkaBone = 58;"}
											{Matrix34
												-0.897956	0.0679282	0.434808
												-0.433572	0.0328047	-0.900522
												-0.0754353	-0.997151	0
												0	0	0
											}
											{bone "righttoe1"
												{parameters "hkaSkeleton = Reference;hkaBone = 59;"}
												{Matrix34
													0.900333	0.434721	-0.0204828
													-0.434809	0.900522	0
													0.0184461	0.00890624	0.99979
													-21.9208	0.000103474	-0.000263214
												}
												{bone "righttoe1_sm"
													{parameters "ID=RightToe1;"}
													{Matrix34
														-0.995396	-5.26311e-05	-0.0958458
														0.095845	-4.55585e-05	-0.995396
														4.33292e-05	-1	5.37316e-05
														-8.89371	2.42569	-0.980568
													}
													{VolumeView "righttoe1_sm.ply"}
												}
											}
											{bone "righttoe3"
												{parameters "hkaSkeleton = Reference;hkaBone = 60;"}
												{Matrix34
													-0.900481	-0.434802	0.00905341
													-0.434816	0.900519	0
													-0.00815845	-0.00392667	-0.999959
													0.383751	13.1316	-0.364853
												}
												{bone "righttoe3_sm"
													{parameters "ID=RightToe3;"}
													{Matrix34
														-0.996427	-7.7723e-05	-0.0844628
														0.084462	7.624e-05	-0.996427
														8.83662e-05	-1	-7.32595e-05
														-4.3705	1.99063	-0.459969
													}
													{VolumeView "righttoe3_sm.ply"}
												}
											}
											{bone "righttoe2"
												{parameters "hkaSkeleton = Reference;hkaBone = 61;"}
												{Matrix34
													-0.018451	-0.00890655	-0.99979
													-0.434799	0.900527	0
													0.900338	0.434711	-0.0204873
													-8.38792	8.89628	10.1402
												}
												{bone "righttoe2_sm"
													{parameters "ID=RightToe2;"}
													{Matrix34
														-0.995396	0	-0.0958501
														0.0958506	0	-0.995396
														0	-1	-1.2467e-05
														-5.62626	1.74892	-2.12865
													}
													{VolumeView "righttoe2_sm.ply"}
												}
											}
											{bone "righttoe4"
												{parameters "hkaSkeleton = Reference;hkaBone = 62;"}
												{Matrix34
													0.00807353	0.0038966	0.99996
													-0.434801	0.900526	0
													-0.900489	-0.434787	0.00896385
													-8.56964	8.80861	-10.6811
												}
												{bone "righttoe4_sm"
													{parameters "ID=RightToe4;"}
													{Matrix34
														-0.996434	0	-0.0843719
														0.0843725	0	-0.996434
														0	-1	0
														-5.45506	1.586	0.863243
													}
													{VolumeView "righttoe4_sm.ply"}
												}
											}
											{bone "rightpiston_toetofoot_backbasedeform"
												{parameters "hkaSkeleton = Reference;hkaBone = 63;"}
												{Matrix34
													0.892206	-0.451627	0.000285277
													-0.450798	-0.890607	-0.0600075
													0.0273529	0.0534138	-0.998198
													5.33194	2.07142	-0.0256195
												}
												{bone "rightpiston_toetofoot_backbasedeformend"
													{parameters "hkaSkeleton = Reference;hkaBone = 64;"}
													{Matrix34
														0.999958	0.0036554	0.00847627
														-0.00355947	0.999932	-0.0110984
														-0.00851982	0.0110656	0.999902
														18.7513	3.05176e-05	2.28882e-05
													}
												}
												{bone "rightpiston_toetofoot_backlimitdown"
													{parameters "hkaSkeleton = Reference;hkaBone = 65;"}
													{Matrix34
														-0.999957	-0.00365543	-0.00847654
														-0.00355944	0.999932	-0.0110984
														0.00852007	-0.0110656	-0.999902
														2.53193	0.00916862	0.0213394
													}
												}
											}
											{bone "righttoebase_sm"
												{parameters "ID=RightToeBase;"}
												{Matrix34
													0.0679298	0.0328053	-0.997151
													0.897957	0.433571	0.0754369
													0.434807	-0.900523	0
													-10.4212	0.712556	-0.619255
												}
												{VolumeView "righttoebase_sm.ply"}
											}
											{bone "righttoebase_fx"
												{Matrix34
													-0.90044	-0.434824	0.0117577
													-0.0106108	-0.00506753	-0.999931
													0.43485	-0.900502	-4.65084e-05
													-17.0919	11.1653	-0.651775
												}
											}
											{bone "rightpiston_toetofoot_backbasedeform_target"
												{Matrix34
													0.893773	-0.448432	0.00880605
													-0.44833	-0.893795	-0.0114391
													0.0129986	0.006279	-0.999896
													5.33195	2.07138	-0.0256081
												}
											}
										}
									}
								}
								{bone "rightpiston_toetoleg_frontbaseupper"
									{parameters "hkaSkeleton = Reference;hkaBone = 76;"}
									{Matrix34
										-0.518901	0.854834	0.000929956
										-0.85218	-0.517201	-0.0793289
										-0.0673338	-0.0419545	0.996848
										-22.4334	0.859695	-0.204159
									}
									{bone "rightpiston_toetoleg_fronlimitup"
										{parameters "hkaSkeleton = Reference;hkaBone = 77;"}
										{Matrix34
											1	0	0
											0	1	0
											0	0	1
											7.13313	6.67572e-05	-0.000137329
										}
									}
								}
								{bone "rightleg_sm"
									{parameters "ID=RightLeg;"}
									{Matrix34
										0.0871692	0.993832	0.0685572
										-0.0538901	-0.0640123	0.996493
										0.994735	-0.0905576	0.0479762
										-18.1578	0.43362	-0.232231
									}
									{VolumeView "rightleg_sm.ply"}
								}
								{bone "rightpiston_toetoleg_frontbaseupper_target"
									{Matrix34
										-0.511632	0.859159	0.00886172
										0.859029	0.511289	0.0255487
										0.0174209	0.0206826	-0.999635
										-22.4334	0.85968	-0.20417
									}
								}
								{bone "rightpiston_toetoleg"
									{parameters "CommonMesh;ID=RightPiston_ToeToLeg;"}
									{Matrix34
										-0.0539162	-0.0640092	0.996492
										-0.641941	-0.762173	-0.0836908
										0.764858	-0.644199	0
										-29.5817	13.5099	-0.506542
									}
									{VolumeView "rightpiston_toetoleg.ply"}
								}
							}
						}
						{bone "rightpiston_upperlegtoshoulder_backbaseupper"
							{parameters "hkaSkeleton = Reference;hkaBone = 87;"}
							{Matrix34
								0.270852	0.957443	-0.099713
								-0.143949	-0.0621357	-0.987633
								-0.951797	0.281858	0.120993
								-51.6595	4.56654	-1.22478
							}
							{bone "rightpiston_upperlegtoshoulder_backlimitup"
								{parameters "hkaSkeleton = Reference;hkaBone = 88;"}
								{Matrix34
									1	0	0
									0	1	0
									0	0	1
									2.0753	7.62939e-05	9.15527e-05
								}
							}
						}
						{bone "rightpiston_upperlegtoshoulder_frontbaseupper"
							{parameters "hkaSkeleton = Reference;hkaBone = 89;"}
							{Matrix34
								0.0759396	0.972158	-0.221681
								0.357793	0.180949	0.916101
								0.930708	-0.148887	-0.334089
								-23.932	7.3542	-1.18723
							}
							{bone "rightpiston_upperlegtoshoulder_frontlimitup"
								{parameters "hkaSkeleton = Reference;hkaBone = 90;"}
								{Matrix34
									1	0	0
									0	1	0
									0	0	1
									-21.3262	0.000823975	0.000305176
								}
							}
							{bone "rightpiston_upperlegtoshoulder"
								{parameters "CommonMesh;ID=RightPiston_UpperLegToShoulder;"}
								{Matrix34
									-1	0	0
									0	0.899541	0.436836
									0	0.436836	-0.899541
									-1.52588e-05	0	-1.14441e-05
								}
								{VolumeView "rightpiston_upperlegtoshoulder.ply"}
							}
						}
						{bone "rightupleg_sm"
							{parameters "ID=RightUpLeg;"}
							{Matrix34
								-0.290905	0.0861456	-0.952866
								0.913648	-0.270558	-0.303392
								-0.283939	-0.958842	0
								-25.6259	-0.0826874	-1.0679
							}
							{VolumeView "rightupleg_sm.ply"}
							{bone "rightupleg_cylplate_01"
								{parameters "ID=RightUpLeg_cylplate_01;"}
								{Matrix34
									0.939693	0.342019	0
									-0.342019	0.939693	0
									0	0	1
									0.524948	27.868	-7.62936
								}
								{VolumeView "rightupleg_cylplate_01.ply"}
							}
							{bone "rightupleg_cylplate_02"
								{parameters "ID=RightUpLeg_cylplate_02;"}
								{Matrix34
									-0.939693	-0.34202	0
									0.34202	-0.939693	0
									0	0	1
									-16.2918	22.4148	-7.98927
								}
								{VolumeView "rightupleg_cylplate_02.ply"}
							}
							{bone "organs_leg_right"
								{parameters "ID=orgrans_leg_right;"}
								{Matrix34
									0	1	0
									-1	0	0
									0	0	1
									-6.67297	20.4618	-6.6879
								}
								{VolumeView "organs_leg_right.ply"}
							}
							{bone "enumerator2"
								{parameters "ID=RightUpLeg;"}
								{Matrix34
									1	0	0
									0	1	0
									0	0	1
									8.27086	2.72071	0.21553
								}
								{VolumeView "enumerator2.ply"}
							}
						}
						{bone "rightpiston_upperlegtoshoulder_frontbaseupper_target"
							{Matrix34
								-0.0759431	-0.972158	0.22168
								-0.70333	-0.105362	-0.703012
								0.706795	-0.209305	-0.675746
								-23.932	7.35422	-1.18722
							}
						}
						{bone "rightcableshouldersm_target"
							{Matrix34
								0.355889	0.930544	0.0862049
								-0.715021	0.211742	0.666266
								0.601737	-0.298757	0.740715
								-6.50512	-16.1543	7.06163
							}
							{bone "rightcableshouldersm"
								{parameters "Clear;"}
								{Matrix34
									-0.105509	-0.408619	-0.906586
									-0.993296	0	0.115601
									-0.0472347	0.912705	-0.40588
									-3.05176e-05	0	0
								}
							}
						}
					}
				}
				{bone "leftshoulder"
					{parameters "hkaSkeleton = Reference;hkaBone = 12;"}
					{Matrix34
						-0.0108505	0.996691	0.0805552
						0.133047	0.0812831	-0.987771
						-0.99105	0	-0.133489
						-23.5156	0	2.27427
					}
					{bone "leftarm"
						{parameters "hkaSkeleton = Reference;hkaBone = 50;"}
						{Matrix34
							0.0108507	-0.133048	0.99105
							0.996691	0.0812847	0
							-0.0805569	0.987771	0.13349
							0.152634	-1.87163	13.9414
						}
						{bone "leftforearm"
							{parameters "hkaSkeleton = Reference;hkaBone = 51;"}
							{Position 19.1889	3.05176e-05	0}
							{bone "lefthand"
								{parameters "hkaSkeleton = Reference;hkaBone = 52;"}
								{Position 18.6721	0	0}
							}
						}
					}
					{bone "shoulder_plate_left"
						{parameters "ID=shoulder_plate_left;"}
						{Matrix34
							0.0108498	-0.133048	0.99105
							0.0805556	-0.987771	-0.13349
							0.996691	0.0812832	0
							1.10223	1.09272	4.89462
						}
						{VolumeView "shoulder_plate_left.ply"}
					}
					{bone "leftshoulder_sm"
						{parameters "ID=LeftShoulder;"}
						{Matrix34
							0.0108509	-0.133049	0.99105
							0.0805565	-0.987771	-0.133491
							0.996691	0.0812844	0
							3.61639	1.29245	-3.1728
						}
						{VolumeView "leftshoulder_sm.ply"}
						{bone "organs_hip_left"
							{parameters "ID=hip_left;"}
							{Matrix34
								-1	0	0
								0	-1	0
								0	0	1
								1.80175	-1.01939	-3.89779
							}
							{VolumeView "organs_hip_left.ply"}
						}
						{bone "leftshoulder_bone"
							{Matrix34
								-1	0	0
								0	0	1
								0	1	0
								0.211832	9.08989	-3.52731
							}
							{bone "leftshoulder_ring"
								{parameters "ID=LeftShoulder;"}
								{Matrix34
									-1	0	0
									0	0	1
									0	1	0
									-1.14441e-05	-2.51006	-0.0271168
								}
								{VolumeView "leftshoulder_ring.ply"}
							}
						}
					}
					{bone "leftshoulder_spring"
						{parameters "CommonMesh;ID=LeftShoulder;"}
						{Matrix34
							0.0108508	-0.133049	0.99105
							0.0805559	-0.987771	-0.133491
							0.996691	0.0812838	0
							11.4388	2.30221	0.46427
						}
						{VolumeView "leftshoulder_spring.ply"}
					}
					{bone "leftupleg"
						{parameters "hkaSkeleton = Reference;hkaBone = 13;"}
						{Matrix34
							0.359758	-0.918099	0.166341
							0.932939	0.356649	-0.0492581
							-0.0141013	0.172906	0.984837
							23.1217	-1.66893e-05	5.14984e-05
						}
						{bone "leftupleg1"
							{parameters "hkaSkeleton = Reference;hkaBone = 14;"}
							{Matrix34
								-0.594189	-0.784661	0.176769
								-0.676352	0.606375	0.418159
								-0.435301	0.128907	-0.891008
								54.1843	6.10352e-05	-6.29425e-05
							}
							{bone "leftcableupperlegupsm"
								{parameters "Clear;"}
								{Matrix34
									-0.0631809	-0.149458	0.986747
									0.921081	-0.389371	0
									0.384212	0.908874	0.162265
									29.8621	-16.2071	-15.2125
								}
								{bone "leftcableupperlegup_00_clunk"
									{parameters "Clear;"}
									{Matrix34
										0	-0.766045	-0.642788
										-1	0	0
										0	0.642788	-0.766044
										1.42474	6.96622	-3.75042
									}
								}
								{bone "leftcableupperlegup_01_clunk"
									{parameters "Clear;"}
									{Matrix34
										0	-0.766045	-0.642788
										-1	0	0
										0	0.642788	-0.766044
										0.821465	4.93689	0.469646
									}
								}
								{bone "leftcableupperlegup_02_clunk"
									{parameters "Clear;"}
									{Matrix34
										0	-0.766045	-0.642788
										-1	0	0
										0	0.642788	-0.766044
										0.00761795	2.06638	4.90654
									}
								}
								{bone "leftcableupperlegup_03_clunk"
									{parameters "Clear;"}
									{Matrix34
										0	-0.766045	-0.642788
										-1	0	0
										0	0.642788	-0.766044
										-0.380749	0.163101	9.08734
									}
								}
								{bone "leftcableupperlegupsm1_target"
									{Matrix34
										1	0	0
										0	0	1
										0	-1	0
										-0.106426	-6.7065	-8.57518
									}
								}
								{bone "leftcableupperlegupsm1"
									{parameters "Clear;"}
									{Position -0.10643	-6.7065	-8.57517}
								}
							}
							{bone "leftcableupperlegsm2"
								{parameters "Clear;"}
								{Matrix34
									-0.0631809	-0.149458	0.986747
									0.921081	-0.389371	0
									0.384212	0.908874	0.162265
									35.6154	-1.27174	-5.97417
								}
							}
							{bone "leftcableupperlegdownsm"
								{parameters "Clear;"}
								{Matrix34
									-0.0631809	-0.149458	0.986747
									0.921081	-0.389371	0
									0.384212	0.908874	0.162265
									72.3141	-6.45749	-11.922
								}
								{bone "leftcableupperlegdownsm1"
									{parameters "Clear;"}
									{Position -1.771	12.799	8.28922}
								}
							}
							{bone "leftleg"
								{parameters "hkaSkeleton = Reference;hkaBone = 15;"}
								{Matrix34
									0.454448	-0.889314	-0.0509641
									-0.890241	-0.451453	-0.0605109
									0.030805	0.072869	-0.996866
									103.297	0	-9.91821e-05
								}
								{bone "leftfoot"
									{parameters "hkaSkeleton = Reference;hkaBone = 16;"}
									{Matrix34
										0.50043	-0.865692	0.0121022
										-0.865473	-0.499835	0.0334795
										-0.022934	-0.0272287	-0.999366
										37.838	0	-0.000156403
									}
									{bone "leftpiston_toetofoot_backbaseupper"
										{parameters "Clear;"}
										{Matrix34
											0.953494	0.300209	0.0269197
											-0.0133459	0.131273	-0.991256
											-0.301118	0.944797	0.129175
											-1.1755	-11.934	-0.828228
										}
										{bone "leftpiston_toetofoot_backlimitup"
											{parameters "Clear;"}
											{Position -3.43161	0.0667953	-0.15974}
										}
									}
									{bone "leftpiston_foottoupleg_backbaselower"
										{parameters "Clear;"}
										{Matrix34
											0.925067	-0.379755	-0.00611773
											0.379581	0.923848	0.0492317
											-0.0130439	-0.0478645	0.998769
											-0.989639	-2.52728	-0.906448
										}
										{bone "leftpiston_upperlegtoleg_backrotdeform"
											{parameters "Clear;"}
											{Matrix34
												0.989314	0.14326	0.0271111
												0.144282	-0.935158	-0.323517
												-0.0209935	0.323971	-0.945834
												-4.85576	2.08128	1.18711
											}
											{bone "leftpiston_foottoupleg_backbasedeformend"
												{parameters "Clear;"}
												{Matrix34
													0.999918	-0.012449	0.00285303
													0.0126094	0.926879	-0.375148
													0.00202561	0.375154	0.926961
													-15.0425	1.52588e-05	0
												}
											}
											{bone "leftpiston_upperlegtoleg_frontlimitdown"
												{parameters "Clear;"}
												{Matrix34
													-0.999987	0.00492501	-0.00112505
													0.00493733	0.905884	-0.423498
													-0.00106636	-0.423499	-0.905896
													-1.97502	0.00960159	-0.00231552
												}
											}
										}
									}
									{bone "leftpiston_toetoleg_frontbaselower"
										{parameters "Clear;"}
										{Matrix34
											0.0201918	0.992383	0.121523
											-0.999686	0.0218467	-0.012303
											-0.0148638	-0.121236	0.992512
											21.2655	13.1519	0.519848
										}
										{bone "leftpiston_toetoleg_frontbasedeform"
											{parameters "Clear;"}
											{Matrix34
												0.998975	-0.0438326	-0.0113323
												0.0441599	0.998559	0.0304921
												0.00997994	-0.0309615	0.999471
												1.22721	-0.675007	-0.262825
											}
											{bone "leftpiston_toetoleg_frontbasedeformend"
												{parameters "Clear;"}
												{Matrix34
													0.998975	0.0441604	0.0099811
													-0.0438328	0.998559	-0.0309617
													-0.0113335	0.0304921	0.999471
													-21.4457	0	0
												}
											}
											{bone "leftpiston_toetoleg_fronlimitdown"
												{parameters "Clear;"}
												{Matrix34
													-0.999756	-0.0220391	-0.00178659
													-0.0220299	0.999744	-0.00515113
													0.00189911	-0.0051102	-0.999985
													-2.59991	-0.0573673	-0.00462341
												}
											}
										}
									}
									{bone "leftfoot_sm"
										{parameters "ID=Leftfoot;"}
										{Matrix34
											0.337525	0.93375	0.119111
											0.0404646	0.112026	-0.992881
											-0.940447	0.339941	2.78604e-05
											7.36665	0.795002	0.00943756
										}
										{VolumeView "leftfoot_sm.ply"}
										{bone "leftfoot_cylplate_01"
											{parameters "ID=LeftFoot_cylplate_01;"}
											{Matrix34
												0	1	2.82079e-05
												-1	0	-2.65688e-05
												-2.82079e-05	-2.86548e-05	1
												-2.8819	8.94598	6.92757
											}
											{VolumeView "leftfoot_cylplate_01.ply"}
										}
										{bone "leftfoot_cylplate_02"
											{parameters "ID=LeftFoot_cylplate_02;"}
											{Matrix34
												0	-1	0
												1	0	0
												0	0	1
												-1.58366	-9.07867	7.0318
											}
											{VolumeView "leftfoot_cylplate_02.ply"}
										}
									}
									{bone "leftpiston_foottoupleg_backbaselower_target"
										{Matrix34
											0.925009	-0.37994	-0.00190434
											0.379646	0.92407	0.0443114
											-0.0150758	-0.041711	0.999016
											-0.989647	-2.52729	-0.906452
										}
									}
									{bone "leftpiston_toetofoot_backbaseupper_target"
										{Matrix34
											-0.953494	-0.300207	-0.0269205
											0.301034	-0.952962	-0.0352376
											-0.0150755	-0.0417023	0.999016
											-1.17551	-11.934	-0.828236
										}
									}
									{bone "leftpiston_toetoleg_frontbaselower_target"
										{Matrix34
											0.99932	-0.0352204	0.0109109
											-0.0348339	-0.99882	-0.0338455
											0.01209	0.0334419	-0.999368
											21.2655	13.1519	0.519852
										}
									}
									{bone "leftpiston_toetofoot"
										{parameters "CommonMesh;ID;"}
										{Matrix34
											0.040491	0.112017	-0.992881
											-0.33755	-0.933741	-0.119111
											-0.940437	0.339969	0
											-0.549557	-12.1081	-0.48909
										}
										{VolumeView "leftpiston_toetofoot.ply"}
									}
									{bone prizmatic "suspension_l"
										{limits -0.1 0.1}
										{speed2 6}
										{Matrix34
											0.33755	0.933741	0.119112
											0.0404915	0.112018	-0.992881
											-0.940437	0.339969	0
											22.5619	0.000106812	-0.000198364
										}
										{bone "lefttoebase"
											{parameters "hkaSkeleton = Reference;hkaBone = 17;"}
											{Matrix34
												0.897957	0.0679297	-0.43481
												0.43357	0.0328033	0.900522
												0.0754349	-0.997151	0
												0	0	0
											}
											{bone "lefttoe1"
												{parameters "hkaSkeleton = Reference;hkaBone = 18;"}
												{Matrix34
													0.900333	0.434719	-0.0204839
													-0.434812	0.900522	0
													0.0184444	0.00890731	0.99979
													21.9208	-7.86781e-05	0.000232697
												}
												{bone revolute "roller_01_joint"
													{limits -1 1}
													{Matrix34
														0.999792	0.00674272	-0.0192507
