;Exported by: Xpycmb
;Date:        Sat Jan  4 15:57:35 2025
;File:        C:\Users\Xpycmb\Documents\3ds Max 2020\scenes\hunter_base_rocket.max
{Skeleton
	(include "anim_instance.inc")	
	{bone revolute "basis"
		{limits 0 -0}
		{speed 0.2}
		{Orientation
			1	0	0
			0	-1	0
			0	0	1
		}
		{bone "placement"
			{parameters "Clear;"}
		}
		{bone "reference"
			{parameters "Clear;"}
			{Orientation
				0	-1	0
				0	0	1
				-1	0	0
			}
			{bone "hips"
				{parameters "Clear;"}
				{Matrix34
					0	0.936506	0.350653
					0	-0.350653	0.936506
					1	0	0
					0	29.2397	0.96988
				}
				{bone "rightupleg"
					{parameters "Clear;"}
					{Matrix34
						-0.989837	-0.142207	-0.000166135
						0.142207	-0.989837	-0.00030494
						-0.000121133	-0.000325456	1
						0.457661	-0.136608	3.88855
					}
					{bone "rightleg"
						{parameters "Clear;"}
						{Matrix34
							0.1887	-0.982001	0.00809522
							-0.982022	-0.188649	0.00669303
							-0.00504546	-0.00921264	-0.999945
							12.4409	0	0
						}
						{bone "rightfoot"
							{parameters "Clear;"}
							{Matrix34
								0.333367	-0.942791	-0.00352773
								-0.942759	-0.333385	0.00781448
								-0.00854348	0.000720663	-0.999963
								13.1571	0	0
							}
							{bone "rightfoot_sm"
								{parameters "Id=RightFoot;"}
								{Matrix34
									0.34376	0.938904	0.0169779
									0.000202516	0.0180056	-0.999838
									-0.939058	0.343708	0.00599942
									-1.47407	9.13964	6.30905
								}
								{VolumeView "rightfoot_sm.ply"}
							}
							{bone prizmatic "suspension_r"
								{limits -0.03 0.03}
								{speed2 5}
								{Matrix34
									-0.000202613	-0.0180065	0.999838
									0.343761	0.938904	0.0169787
									-0.939057	0.343709	0.00599966
									7.27904	-0.0646994	3.18358
								}
								{bone "righttoebase"
									{parameters "Clear;"}
									{Matrix34
										0	0	-1
										0	1	0
										1	0	0
										0	0	0
									}
									{bone "righttoe1"
										{parameters "Clear;"}
										{Matrix34
											0	1	0
											-1	0	0
											0	0	1
											1.70437	4.08171	-0.00427246
										}
									}
									{bone "righttoe2"
										{parameters "Clear;"}
										{Matrix34
											0	0	-1
											-1	0	0
											0	1	0
											2.10641	0.397199	-2.21058
										}
									}
									{bone "righttoe3"
										{parameters "Clear;"}
										{Matrix34
											0	-1	0
											-1	0	0
											0	0	-1
											2.34571	-1.9074	-0.00427294
										}
									}
									{bone "righttoe4"
										{parameters "Clear;"}
										{Matrix34
											0	0	1
											-1	0	0
											0	-1	0
											2.1153	0.353041	2.29677
										}
									}
									{bone "rightpiston_foottotoe_backbasedeform"
										{parameters "Clear;"}
										{Matrix34
											-0.174882	0.98459	0
											0.00177326	0.000315025	-0.999998
											-0.984588	-0.174882	-0.00180094
											-0.404565	-1.70702	0.0325103
										}
									}
									{bone "rightpiston_foottotoe_frontbasedeform"
										{parameters "Clear;"}
										{Matrix34
											-0.313265	0.949666	0
											0.00889483	0.00293414	-0.999956
											-0.949624	-0.313251	-0.00936624
											-1.07245	1.84166	0.0585384
										}
									}
									{bone "righttoe_skm"
										{parameters "CommonMesh;ID=RightToe;"}
										{Matrix34
											0	1	0
											0	0	-1
											-1	0	0
											2.28023	1.69993	0.0423594
										}
										{VolumeView "righttoe_skm.ply"}
									}
									{bone "righttoebase_sm"
										{parameters "Id=RightToeBase;"}
										{Matrix34
											0	1	0
											0	0	-1
											-1	0	0
											0.898708	1.23219	0.00275373
										}
										{VolumeView "righttoebase_sm.ply"}
									}
									{bone "footstep_hoof_r"
										{Matrix34
											0	1	0
											0	0	-1
											-1	0	0
											3.45745	1.69993	0.0423622
										}
									}
									{bone "rightpiston_foottotoe_frontbasedeform_target"
										{Matrix34
											-0.949278	-0.314358	-0.00713119
											-0.314435	0.9489	0.0268383
											-0.00167013	0.0277193	-0.999614
											-1.07245	1.84166	0.0585365
										}
									}
									{bone "rightpiston_foottotoe_backbasedeform_target"
										{Matrix34
											-0.98436	-0.176172	-4.74215e-05
											-0.176166	0.984325	0.00831769
											-0.00141872	0.00819593	-0.999965
											-0.404565	-1.70702	0.0325079
										}
									}
								}
								{bone revolute "wheelr"
									{parameters "ID=wheelleft;Radius=3;"}
									{Matrix34
										-1	0	0
										0	0	1
										0	1	0
										0.0423613	1.69993	-3.45745
									}
								}
							}
							{bone "rightpiston_foottotoe_backbaseupper"
								{parameters "Clear;"}
								{Matrix34
									-0.174239	-0.984543	-0.0177663
									0.00197564	0.0176927	-0.999842
									0.984702	-0.174246	-0.00113765
									0.277672	-0.46111	3.1965
								}
								{bone "rightpiston_foottotoe_back"
									{parameters "CommonMesh;Id=RightFoot;"}
									{Matrix34
										-0.999998	-0.000319379	-0.00179911
										0	0.984589	-0.174882
										0.00182725	-0.174881	-0.984588
										0.0107212	0.150773	3.71286
									}
									{VolumeView "rightpiston_foottotoe_back.ply"}
								}
								{bone "rightpiston_foot_back"
									{parameters "CommonMesh;ID;"}
									{Matrix34
										-0.999998	-0.000319853	-0.00179906
										0	0.98459	-0.174882
										0.00182727	-0.174881	-0.984588
										0.00849485	0.149698	3.71313
									}
									{VolumeView "rightpiston_foot_back.ply"}
								}
							}
							{bone "rightpiston_foottotoe_frontbaseupper_target"
								{Matrix34
									0.999875	-0.01188	0.0104389
									-0.0111363	-0.99758	-0.0686274
									0.0112289	0.0685026	-0.997588
									0.482843	2.24051	3.22208
								}
							}
							{bone "rightpiston_foottotoe_backbaseupper_target"
								{Matrix34
									0.984489	-0.175342	-0.00609756
									0.175438	0.983463	0.0449623
									-0.00188697	-0.0453346	0.99897
									0.277672	-0.461111	3.1965
								}
							}
						}
						{bone "rightpiston_uplegtoleg_backbasedeform"
							{parameters "Clear;"}
							{Matrix34
								-0.433589	-0.901057	-0.00985944
								-0.00474308	-0.00865934	0.999951
								-0.901098	0.433614	-0.000519098
								8.79281	1.20659	-3.28342
							}
						}
						{bone "rightpiston_uplegtoleg_frontbasedeform"
							{parameters "Clear;"}
							{Matrix34
								-0.984625	-0.174427	-0.00944393
								-0.00910332	-0.00275231	0.999955
								-0.174445	0.984666	0.00112201
								-1.88094	0.588826	-3.30603
							}
						}
						{bone "rightpiston_foottotoe_frontbaseupper"
							{parameters "Clear;"}
							{Matrix34
								0.931505	0.363582	0.0103074
								-0.00495985	-0.0156388	0.999865
								0.363694	-0.931431	-0.0127643
								11.1783	-1.19985	-3.20615
							}
							{bone "rightpiston_foottotoe_front"
								{parameters "CommonMesh;Id=RightLeg;"}
								{Matrix34
									-0.999951	-0.00308862	-0.0093641
									0	0.94967	-0.313251
									0.00986061	-0.313236	-0.949624
									0.0285916	-0.0267816	3.26512
								}
								{VolumeView "rightpiston_foottotoe_front.ply"}
							}
						}
						{bone "rightleg_sm"
							{parameters "Id=RightLeg;"}
							{Matrix34
								-0.770706	-0.637098	-0.010853
								-0.00836493	-0.00691487	0.999941
								-0.637135	0.770752	0
								6.5184	0.461088	-2.94003
							}
							{VolumeView "rightleg_sm.ply"}
						}
						{bone "rightpiston_uplegtoleg_frontbasedeform_target"
							{Matrix34
								-0.17702	0.984207	0.00115592
								-0.984202	-0.177015	-0.00353684
								-0.00327646	-0.00176363	0.999993
								-1.88094	0.588826	-3.30603
							}
						}
						{bone "rightpiston_uplegtoleg_backbasedeform_target"
							{Matrix34
								-0.901875	0.431912	-0.00859538
								0.431705	0.901817	0.0188714
								0.0159022	0.013309	-0.999785
								8.79281	1.20659	-3.28342
							}
						}
					}
					{bone "rightcablelegsm"
						{parameters "Clear;"}
						{Matrix34
							0.990992	0.058542	-0.120452
							-0.0806002	0.978988	-0.187315
							0.106956	0.195336	0.974887
							1.16906	0.499836	7.2364
						}
						{bone "rightcablelegsm1"
							{parameters "Clear;"}
							{Position 8.08968	0	0}
						}
					}
					{bone "rightpiston_uplegtoleg_backbaseupper"
						{parameters "Clear;"}
						{Matrix34
							-0.803089	-0.595858	-0.000318451
							0.00256363	-0.00292071	-0.999993
							0.595853	-0.803084	0.00387318
							6.44641	-0.090991	3.32034
						}
						{bone "rightpiston_uplegtoleg_back"
							{parameters "CommonMesh;ID;"}
							{Matrix34
								-0.99999	0.00185127	-0.00402054
								0	0.90834	0.418233
								0.00442603	0.418229	-0.908331
								-0.0209513	0.0523477	5.97093
							}
							{VolumeView "rightpiston_uplegtoleg_back.ply"}
						}
					}
					{bone "rightpiston_uplegtoleg_frontbaseupper"
						{parameters "Clear;"}
						{Matrix34
							0.0144602	-0.999895	-0.00030501
							-0.00406003	0.000246308	-0.999992
							0.999887	0.0144615	-0.00405596
							5.08413	1.67331	3.32069
						}
						{bone "rightpiston_uplegtoleg_front"
							{parameters "CommonMesh;ID;"}
							{Matrix34
								-0.999988	0.00239531	0.00422862
								0	0.870088	-0.492896
								-0.00485995	-0.49289	-0.870078
								-0.00226021	-0.00558615	3.52924
							}
							{VolumeView "rightpiston_uplegtoleg_front.ply"}
						}
					}
					{bone "rightupleg_sm"
						{parameters "Id=RightUpLeg;"}
						{Matrix34
							0.480266	0.877123	0.000349512
							0.000167986	0.000306506	-1
							-0.877123	0.480266	0
							4.6403	-0.780949	3.03187
						}
						{VolumeView "rightupleg_sm.ply"}
					}
					{bone "armour_prot_right"
						{parameters "Id=armour_prot_right;"}
						{Matrix34
							0.480267	0.877123	0.000349517
							0.000167992	0.000306512	-1
							-0.877123	0.480266	0
							0.990112	3.4514	3.40194
						}
						{VolumeView "armour_prot_right.ply"}
					}
					{bone "rightpiston_uplegtoleg_frontbaseupper_target"
						{Matrix34
							0.999921	0.012428	-0.00178196
							-0.012441	0.999893	-0.00766843
							0.00168658	0.00768999	0.999969
							5.08414	1.67331	3.32069
						}
					}
					{bone "rightpiston_uplegtoleg_backbaseupper_target"
						{Matrix34
							0.594814	-0.803861	0.00189748
							-0.803845	-0.594784	0.00807241
							-0.00536056	-0.0063269	-0.999966
							6.44641	-0.0909901	3.32034
						}
					}
				}
				{bone "leftupleg"
					{parameters "Clear;"}
					{Matrix34
						0.989837	0.142207	-0.000168465
						-0.142207	0.989837	-0.000308769
						0.000122792	0.000329599	1
						0.457689	-0.136639	-3.88855
					}
					{bone "leftleg"
						{parameters "Clear;"}
						{Matrix34
							0.188701	-0.982001	0.00809519
							-0.982022	-0.18865	0.00669308
							-0.0050454	-0.00921267	-0.999945
							-12.441	4.00543e-05	-1.12057e-05
						}
						{bone "leftfoot"
							{parameters "Clear;"}
							{Matrix34
								0.333367	-0.942791	-0.00352768
								-0.942759	-0.333385	0.00781446
								-0.0085435	0.000720704	-0.999963
								-13.1571	-2.86102e-05	0
							}
							{bone "leftpiston_foottotoe_backbaseupper"
								{parameters "Clear;"}
								{Matrix34
									0.17424	0.984543	0.0177646
									0.00197483	0.0176912	-0.999842
									-0.984701	0.174247	0.00113827
									-0.277677	0.461118	-3.1965
								}
								{bone "leftpiston_foottotoe_back"
									{parameters "CommonMesh;Id=LeftFoot;"}
									{Matrix34
										-0.999998	0.000319633	0.00179972
										0	0.984589	-0.174883
										-0.00182764	-0.174883	-0.984588
										-0.0107105	0.150776	3.71286
									}
									{VolumeView "leftpiston_foottotoe_back.ply"}
								}
							}
							{bone "leftfoot_sm"
								{parameters "Id=LeftFoot;"}
								{Matrix34
									-0.343761	-0.938904	-0.016978
									0.000203175	0.0180055	-0.999838
									0.939057	-0.343708	-0.00599885
									-2.99611	-0.49455	-3.68882
								}
								{VolumeView "leftfoot_sm.ply"}
							}
							{bone prizmatic "suspension_l"
								{limits -0.03 0.03}
								{speed2 5}
								{Matrix34
									0.000202623	0.0180069	-0.999838
									0.343763	0.938903	0.0169792
									0.939056	-0.343711	-0.00599995
									-7.27904	0.0647078	-3.18359
								}
								{bone "lefttoebase"
									{parameters "Clear;"}
									{Orientation
										0	0	1
										0	1	0
										-1	0	0
									}
									{bone "lefttoe1"
										{parameters "Clear;"}
										{Matrix34
											0	1	0
											-1	0	0
											0	0	1
											-1.70436	-4.08171	0.00428629
										}
									}
									{bone "lefttoe2"
										{parameters "Clear;"}
										{Matrix34
											0	0	-1
											-1	0	0
											0	1	0
											-2.1064	-0.397201	2.2106
										}
									}
									{bone "lefttoe3"
										{parameters "Clear;"}
										{Matrix34
											0	-1	0
											-1	0	0
											0	0	-1
											-2.3457	1.90741	0.00428391
										}
									}
									{bone "lefttoe4"
										{parameters "Clear;"}
										{Matrix34
											0	0	1
											-1	0	0
											0	-1	0
											-2.11529	-0.35305	-2.29677
										}
									}
									{bone "leftpiston_foottotoe_backbasedeform"
										{parameters "Clear;"}
										{Matrix34
											0.174881	-0.98459	0
											0.00177201	0.000313093	-0.999998
											0.984588	0.174881	0.00179935
											0.404566	1.70702	-0.0324974
										}
										{bone "leftpiston_foottotoe_backbasedeformend"
											{parameters "Clear;"}
											{Position -2.23857	0	0}
										}
									}
									{bone "leftpiston_foottotoe_frontbasedeform"
										{parameters "Clear;"}
										{Matrix34
											0.313263	-0.949667	0
											0.00889609	0.00293261	-0.999956
											0.949625	0.313249	0.00936699
											1.07245	-1.84166	-0.0585375
										}
										{bone "leftpiston_foottotoe_frontbasedeformend"
											{parameters "Clear;"}
											{Position -4.31719	0	0}
										}
									}
									{bone "lefttoe_skm"
										{parameters "CommonMesh;ID=LeftToe;"}
										{Matrix34
											0	-1	0
											0	0	-1
											1	0	0
											-2.28022	-1.69993	-0.0423541
										}
										{VolumeView "lefttoe_skm.ply"}
									}
									{bone "lefttoebase_sm"
										{parameters "Id=LeftToeBase;"}
										{Matrix34
											0	-1	0
											0	0	-1
											1	0	0
											-0.898701	-1.23219	-0.00274706
										}
										{VolumeView "lefttoebase_sm.ply"}
									}
									{bone "footstep_hoof_l"
										{Matrix34
											0	-1	0
											0	0	-1
											1	0	0
											-3.40974	-1.69993	-0.0423551
										}
									}
									{bone "leftpiston_foottotoe_frontbasedeform_target"
										{Matrix34
											-0.949278	-0.314358	-0.00712891
											-0.314435	0.9489	0.0268398
											-0.00167263	0.02772	-0.999614
											1.07245	-1.84166	-0.0585375
										}
									}
									{bone "leftpiston_foottotoe_backbasedeform_target"
										{Matrix34
											-0.98436	-0.176172	-4.49788e-05
											-0.176166	0.984325	0.00831889
											-0.00142126	0.00819671	-0.999965
											0.404566	1.70702	-0.0324984
										}
									}
								}
								{bone revolute "wheell"
									{parameters "ID=wheelleft;Radius=3;"}
									{Matrix34
										1	0	0
										0	0	1
										0	-1	0
										0.0423551	-1.69994	-3.40973
									}
								}
							}
							{bone "leftpiston_foottotoe_backbaseupper_target"
								{Matrix34
									0.984927	-0.172973	-0.000181054
									0.172967	0.984882	0.00945189
									-0.00145662	-0.00934071	0.999955
									-0.277678	0.461118	-3.1965
								}
							}
						}
						{bone "leftpiston_uplegtoleg_backbasedeform"
							{parameters "Clear;"}
							{Matrix34
								0.433588	0.901057	0.00985772
								-0.00474351	-0.00865715	0.999951
								0.901099	-0.433614	0.000520632
								-8.79279	-1.20662	3.28341
							}
							{bone "leftpiston_uplegtoleg_backbasedeformend"
								{parameters "Clear;"}
								{Position -4.9368	0	0}
							}
						}
						{bone "leftpiston_uplegtoleg_frontbasedeform"
							{parameters "Clear;"}
							{Matrix34
								0.984625	0.17443	0.0094425
								-0.00910227	-0.00275063	0.999955
								0.174447	-0.984666	-0.00112064
								1.881	-0.588902	3.30602
							}
							{bone "leftpiston_uplegtoleg_frontbasedeformend"
								{parameters "Clear;"}
								{Position -2.41337	0	0}
							}
						}
						{bone "leftpiston_foottotoe_frontbaseupper"
							{parameters "Clear;"}
							{Matrix34
								-0.931505	-0.363583	-0.0103061
								-0.00495811	-0.0156394	0.999866
								-0.363695	0.931431	0.0127655
								-11.1782	1.19982	3.20615
							}
							{bone "leftpiston_foottotoe_front"
								{parameters "CommonMesh;Id=LeftLeg;"}
								{Matrix34
									-0.999951	0.00308964	0.0093672
									0	0.94967	-0.313251
									-0.0098629	-0.313236	-0.949624
									-0.0285932	-0.0267825	3.26511
								}
								{VolumeView "leftpiston_foottotoe_front.ply"}
							}
						}
						{bone "leftleg_sm"
							{parameters "Id=LeftLeg;"}
							{Matrix34
								0.770707	0.637098	0.0108531
								-0.00836475	-0.00691521	0.999941
								0.637135	-0.770752	0
								-6.53038	-0.446585	2.94003
							}
							{VolumeView "leftleg_sm.ply"}
						}
						{bone "leftpiston_foottotoe_frontbaseupper_target"
							{Matrix34
								0.344261	-0.938849	-0.00683543
								0.938199	0.343729	0.0404295
								-0.0356077	-0.0203314	0.999159
								-11.1782	1.19983	3.20615
							}
						}
						{bone "leftpiston_uplegtoleg_backbasedeform_target"
							{Matrix34
								-0.901942	0.431857	0.00052065
								0.431856	0.901942	-0.000826832
								-0.000826741	-0.000520837	-1
								-8.79279	-1.20663	3.28341
							}
						}
						{bone "leftpiston_uplegtoleg_frontbasedeform_target"
							{Matrix34
								-0.17645	0.984309	0.0011573
								-0.984164	-0.176403	-0.0174267
								-0.0169491	-0.00421389	0.999848
								1.881	-0.588904	3.30602
							}
						}
					}
					{bone "leftcablelegsm"
						{parameters "Clear;"}
						{Matrix34
							0.990992	0.0585423	-0.120452
							-0.0806004	0.978988	-0.187315
							0.106955	0.195336	0.974887
							-1.16911	-0.499822	-7.23639
						}
						{bone "leftcablelegsm1"
							{parameters "Clear;"}
							{Position -8.08974	4.00543e-05	0}
						}
					}
					{bone "leftpiston_uplegtoleg_backbaseupper"
						{parameters "Clear;"}
						{Matrix34
							0.803089	0.59586	0.000316586
							0.00256133	-0.00292071	-0.999993
							-0.595854	0.803083	-0.0038717
							-6.44642	0.090991	-3.32035
						}
						{bone "leftpiston_uplegtoleg_back"
							{parameters "CommonMesh;Id=LeftUpLeg;"}
							{Matrix34
								-0.99999	-0.00185031	0.00401852
								0	0.90834	0.418232
								-0.00442445	0.418228	-0.908331
								0.0209579	0.0523467	5.97096
							}
							{VolumeView "leftpiston_uplegtoleg_back.ply"}
						}
					}
					{bone "leftpiston_uplegtoleg_frontbaseupper"
						{parameters "Clear;"}
						{Matrix34
							-0.0144589	0.999896	0.000303656
							-0.00406217	0.000244953	-0.999992
							-0.999887	-0.0144603	0.0040582
							-5.08412	-1.67333	-3.3207
						}
						{bone "leftpiston_uplegtoleg_front"
							{parameters "CommonMesh;ID;"}
							{Matrix34
								-0.999988	-0.00239577	-0.00422874
								0	0.870089	-0.492895
								0.00486046	-0.492889	-0.870079
								0.00245476	-0.025466	3.49414
							}
							{VolumeView "leftpiston_uplegtoleg_front.ply"}
						}
					}
					{bone "leftupleg_sm"
						{parameters "Id=LeftUpLeg;"}
						{Matrix34
							-0.480267	-0.877123	-0.000349577
							0.000168192	0.000306466	-1
							0.877123	-0.480267	0
							-4.64033	0.780964	-3.03187
						}
						{VolumeView "leftupleg_sm.ply"}
						{bone "hunter_leftupleg_prototype_decal"
							{Matrix34
								2.48688e-05	1	-3.9584e-05
								-1	2.4854e-05	-0.000469625
								-0.000469744	3.96487e-05	1
								4.06808	2.64191	-4.92529
							}
						}
					}
					{bone "armour_prot_left"
						{parameters "Id=armour_prot_left;"}
						{Matrix34
							-0.480266	-0.877123	-0.000349518
							0.000168164	0.000306414	-1
							0.877123	-0.480266	0
							-0.990143	-3.45139	-3.40194
						}
						{VolumeView "armour_prot_left.ply"}
					}
					{bone "leftpiston_uplegtoleg_backbaseupper_target"
						{Matrix34
							0.594277	-0.804257	0.00219213
							-0.80424	-0.594241	0.00870614
							-0.00569925	-0.00693694	-0.99996
							-6.44641	0.0909891	-3.32035
						}
					}
					{bone "leftpiston_uplegtoleg_frontbaseupper_target"
						{Matrix34
							0.99992	0.0124268	-0.00212417
							-0.0124436	0.999888	-0.00827779
							0.00202107	0.00830359	0.999964
							-5.08412	-1.67332	-3.3207
						}
					}
				}
				{bone "right_spinedown_01"
					{parameters "Clear;"}
					{Matrix34
						0.914428	-0.30214	0.269319
						0.208452	-0.21881	-0.953242
						0.346942	0.927811	-0.137104
						2.94069	-2.91914	0.806289
					}
				}
				{bone "right_spinedown_02"
					{parameters "Clear;"}
					{Matrix34
						0.764677	-0.644368	-0.00770748
						0.644332	0.764333	0.0251319
						-0.0103032	-0.024184	0.999654
						4.47117	0.512445	3.18809
					}
				}
				{bone "right_spinedown_03"
					{parameters "Clear;"}
					{Matrix34
						0.918584	-0.353422	-0.176907
						0.18003	-0.0243062	0.983361
						-0.351841	-0.935148	0.0412992
						5.1174	2.16764	2.1725
					}
				}
				{bone "left_spinedown_01"
					{parameters "Clear;"}
					{Matrix34
						-0.915379	0.302518	0.26564
						-0.204625	0.218634	-0.954111
						-0.346714	-0.927729	-0.138231
						2.94066	-2.91914	-0.80628
					}
				}
				{bone "left_spinedown_02"
					{parameters "Clear;"}
					{Matrix34
						-0.766569	0.64208	-0.0102677
						-0.642117	-0.766225	0.0241993
						0.00767048	0.0251435	0.999654
						4.47125	0.512404	-3.18812
					}
				}
				{bone "left_spinedown_03"
					{parameters "Clear;"}
					{Matrix34
						-0.918584	0.353069	-0.177609
						-0.179331	0.0281203	0.983387
						0.352198	0.935175	0.0374852
						5.11736	2.16763	-2.17253
					}
				}
				{bone "hips_sm"
					{parameters "Id=Hips;"}
					{Matrix34
						0	0	-1
						0.354154	0.935187	0
						0.935187	-0.354154	0
						-27.7232	9.34467	0
					}
					{VolumeView "hips_sm.ply"}
					{bone "engine"
						{parameters "ID=engine;"}
						{Matrix34
							0	-1	0
							1	0	0
							0	0	1
							9.04214e-05	1.03841	29.9072
						}
						{VolumeView "engine.ply"}
					}
				}
				{bone revolute "attack_melee_h_front"
					{limits -20 20}
					{speed 1}
					{Matrix34
						-0.350667	-0.9365	0
						0	0	-1
						0.936507	-0.35065	0
						-9.17483	-8.48796	0.502588
					}
					{bone revolute "attack_melee_v_front"
						{limits -70 50}
						{speed 1}
						{Matrix34
							0.999762	-0.00316674	0.0215979
							-0.0215726	0.00529673	0.999753
							-0.00328244	-0.999981	0.00522406
							0	0	0
						}
						{bone "attack_melee_foresight_front"
							{parameters "Socket;"}
							{Matrix34
								0.999762	-0.0215831	-0.00328051
								-0.00316972	0.00528751	-0.999981
								0.0215719	0.999753	0.00522547
								0	0	0
							}
						}
					}
				}
				{bone revolute "attack_melee_h_back"
					{limits -30 30}
					{speed 1}
					{Matrix34
						0.350633	0.936513	0
						-1.08499e-05	0	1
						0.936507	-0.35065	0
						-3.88102	5.65049	0.50254
					}
					{bone revolute "attack_melee_v_back"
						{limits -50 50}
						{speed 1}
						{Matrix34
							0.999761	-0.00316658	-0.0216188
							0.0215727	-0.00529647	0.999754
							-0.00328232	-0.999981	-0.00521915
							1.04904e-05	0	0.000148773
						}
						{bone "attack_melee_foresight_back"
							{parameters "Socket;"}
							{Matrix34
								0.999764	0.0215002	-0.00328015
								-0.00316854	-0.00531103	-0.999981
								-0.0215819	0.999752	-0.00522292
								0	-0.000148773	0
							}
						}
					}
				}
				{bone "spine"
					{parameters "Clear;"}
					{Matrix34
						0.936506	-0.350652	0
						0.350652	0.936506	0
						0	0	1
						3.59043	0	0
					}
					{bone revolute "spine_ik_lower"
						{limits -5 5}
						{speed 0.05}
						{Orientation
							0	-1	0
							0	0	-1
							1	0	0
						}
						{bone revolute "spine_ik_upper2"
							{limits -7 7}
							{speed 0.05}
							{Matrix34
								1	0	0
								0	0	1
								0	-1	0
								0	0	6.65635
							}
							{bone revolute "spine_ik_upper"
								{limits -5 5}
								{speed 0.05}
								{Matrix34
									1	0	0
									0	0	-1
									0	1	0
									0	0	0
								}
								{bone "spine1"
									{parameters "Clear;"}
									{Orientation
										0	0	1
										-1	0	0
										0	-1	0
									}
									{bone "neck"
										{parameters "Clear;"}
										{Matrix34
											-0.587743	-0.809048	0
											0.809048	-0.587743	0
											0	0	1
											5.08764	-7.72742	0
										}
										{bone "head_wire_skm"
											{parameters "CommonMesh;ID=Head_wire;"}
											{Matrix34
												0	0	-1
												-0.809048	-0.587742	0
												-0.587742	0.809048	0
												21.6155	-39.1099	0
											}
											{VolumeView "head_wire_skm.ply"}
										}
										{bone revolute "head_ik_h"
											{limits -45 45}
											{speed 0.04}
											{Orientation
												0	0	1
												0.809048	0.587742	0
												-0.587743	0.809048	0
											}
											{bone revolute "head_ik_v"
												{limits -25 25}
												{speed 0.04}
												{Matrix34
													0	0	1
													0	-1	0
													1	0	0
													-1.07287e-05	3.63211	-2.63858
												}
												{bone "neck1"
													{parameters "Clear;"}
													{Matrix34
														-0.305352	-0.95224	0
														0.95224	-0.305352	0
														0	0	1
														0	0	0
													}
													{bone "head"
														{parameters "Clear;"}
														{Position 2.81699	0	0}
														{bone "cablejawsm"
															{parameters "Clear;"}
															{Matrix34
																0.286189	-0.957424	0.0378733
																-0.454377	-0.100809	0.885087
																-0.843586	-0.270511	-0.463882
																3.22283	-1.90238	1.50633
															}
															{bone "cablejawsm1"
																{parameters "Clear;"}
																{Position 2.51905	0	0}
															}
														}
														{bone "cableheadsm"
															{parameters "Clear;"}
															{Position 2.47424	0.432079	2.75161}
														}
														{bone "necksm"
															{parameters "Clear;"}
															{Position -1.96857	-0.0249825	0}
														}
														{bone "head_sm"
															{parameters "Id=Head;"}
															{Matrix34
																0.952239	0.305353	0
																0	0	-1
																-0.305353	0.952239	0
																1.95446	-0.0848618	0.00375802
															}
															{VolumeView "head_sm.ply"}
															{bone "head_ems_00_search"
																{parameters "Id=Head;"}
																{Position 3.58544	-0.744987	-0.0367775}
																{visibility 0}
																{VolumeView "head_ems_00_search.ply"}
															}
															{bone "head_ems_00_hold"
																{parameters "Id=Head;"}
																{Position 3.58544	-0.744987	-0.0367775}
																{VolumeView "head_ems_00_hold.ply"}
															}
															{bone "head_ems_00_alarm"
																{parameters "Id=Head;"}
																{Position 3.58544	-0.744987	-0.0367775}
																{visibility 0}
																{VolumeView "head_ems_00_alarm.ply"}
															}
															{bone "head_ems_01_alarm"
																{parameters "Id=Head;"}
																{Position 3.73161	0.0367733	-0.347977}
																{visibility 0}
																{VolumeView "head_ems_01_alarm.ply"}
															}
															{bone "head_ems_01_hold"
																{parameters "Id=Head;"}
																{Position 3.73161	0.0367733	-0.347977}
																{VolumeView "head_ems_01_hold.ply"}
															}
															{bone "head_ems_01_search"
																{parameters "Id=Head;"}
																{Position 3.73161	0.0367733	-0.347977}
																{visibility 0}
																{VolumeView "head_ems_01_search.ply"}
															}
															{bone "head_ems_02_alarm"
																{parameters "Id=Head;"}
																{Position 3.79951	0.50357	-0.0895844}
																{visibility 0}
																{VolumeView "head_ems_02_alarm.ply"}
															}
															{bone "head_ems_02_hold"
																{parameters "Id=Head;"}
																{Position 3.79951	0.50357	-0.0895844}
																{VolumeView "head_ems_02_hold.ply"}
															}
															{bone "head_ems_02_search"
																{parameters "Id=Head;"}
																{Position 3.79951	0.50357	-0.0895844}
																{visibility 0}
																{VolumeView "head_ems_02_search.ply"}
															}
															{bone "scanlines_fx"
																{Matrix34
																	0.965932	0.00509655	-0.258745
																	-0.00605251	0.999977	-0.0029022
																	0.258727	0.00436686	0.965941
																	3.58809	-0.750486	-0.0541534
																}
																{bone "scanlines_bone"
																	{Matrix34
																		-0.306449	0.951887	0
																		-0.951887	-0.306449	0
																		0	0	1
																		1.14441e-05	-1.09076e-05	0
																	}
																	{bone "scanlines"
																		{parameters "CommonMesh;"}
																		{Matrix34
																			0.664466	0.241844	0.707105
																			0.664464	0.241848	-0.707105
																			-0.34202	0.939692	0
																			0	0	0
																		}
																		{visibility 0}
																		{VolumeView "scanlines.ply"}
																	}
																	{bone "scanlines_fx_bone"
																		{Matrix34
																			0.018366	-0.950321	0.310733
																			-0.0115094	0.310559	0.950483
																			-0.999765	-0.0210371	-0.00523855
																			0.0176914	0.054944	0
																		}
																	}
																}
																{bone "scanlines2_bone"
																	{Matrix34
																		-0.320552	0	-0.947232
																		-0.947232	0	0.320548
																		0	1	0
																		1.14441e-05	-1.09076e-05	0
																	}
																	{bone "scanlines_2"
																		{parameters "CommonMesh;"}
																		{Matrix34
																			0.664466	0.241844	0.707105
																			0.664464	0.241848	-0.707105
																			-0.34202	0.939692	0
																			0	0	0
																		}
																		{visibility 0}
																		{VolumeView "scanlines_2.ply"}
																	}
																	{bone "scanlines2_fx_bone"
																		{Matrix34
																			0.0181742	-0.951877	-0.305938
																			0.999835	0.017254	0.00571334
																			-0.000161484	-0.305997	0.952034
																			0.0185013	0.0546751	0
																		}
																	}
																}
															}
														}
														{bone "head_sideplate_back_l"
															{parameters "Id=head_sideplate_back_l;"}
															{Matrix34
																0	0	-1
																-0.949187	-0.314713	0
																-0.314712	0.949187	0
																1.35398	-0.500446	-2.28236
															}
															{VolumeView "head_sideplate_back_l.ply"}
														}
														{bone "head_sideplate_front_l"
															{parameters "Id=head_sideplate_front_l;"}
															{Matrix34
																0	0	-1
																-0.949187	-0.314713	0
																-0.314712	0.949187	0
																3.95758	-0.403156	-2.28226
															}
															{VolumeView "head_sideplate_front_l.ply"}
														}
														{bone "armour_head_lower"
															{parameters "Id=armour_head_lower;"}
															{Matrix34
																0.612623	-0.790376	0
																0	0	-1
																0.790376	0.612623	0
																5.39953	-1.98906	-1.23501e-05
															}
															{VolumeView "armour_head_lower.ply"}
														}
														{bone "armour_head_upper"
															{parameters "Id=armour_head_upper;"}
															{Matrix34
																-0.0484906	0.998824	0
																0	0	-1
																-0.998824	-0.0484909	0
																4.25779	1.60315	-1.24003e-05
															}
															{VolumeView "armour_head_upper.ply"}
														}
														{bone "head_sideplate_back_r"
															{parameters "Id=head_sideplate_back_r;"}
															{Matrix34
																0	0	1
																0.961432	0.275043	0
																-0.275043	0.961432	0
																1.35398	-0.500454	2.28234
															}
															{VolumeView "head_sideplate_back_r.ply"}
														}
														{bone "head_sideplate_front_r"
															{parameters "Id=head_sideplate_front_r;"}
															{Matrix34
																0	0	1
																0.961432	0.275043	0
																-0.275043	0.961432	0
																3.95759	-0.403152	2.28223
															}
															{VolumeView "head_sideplate_front_r.ply"}
														}
														{bone "head_organ"
															{parameters "ID=Head_organ;"}
															{Matrix34
																0.95224	0.305352	0
																0	0	-1
																-0.305352	0.95224	0
																3.92305	0.332237	-0.0465666
															}
															{VolumeView "head_organ.ply"}
														}
														{bone "visor_head_bone"
															{Matrix34
																0.998824	0.0484896	0
																0	0	-1
																-0.0484896	0.998824	0
																5.38771	0.959217	0.754243
															}
														}
														{bone "visor_head_support_bone"
															{Matrix34
																0.998824	0.0484896	0
																0	0	-1
																-0.0484896	0.998824	0
																5.38771	0.959217	0.754243
															}
														}
													}
												}
											}
										}
									}
									{bone "rightcablespinesm"
										{parameters "Clear;"}
										{Matrix34
											-0.974573	-0.0779522	0.210073
											0.22407	-0.339047	0.913696
											0	0.937534	0.347892
											6.39495	4.41991	1.66383
										}
										{bone "rightcablespinesm1"
											{parameters "Clear;"}
											{Position 5.81594	-0.00362873	0.0100527}
										}
									}
									{bone "rightcabletorsosm"
										{parameters "Clear;"}
										{Matrix34
											0	-0.276246	0.961087
											0.992909	-0.114254	-0.0328404
											0.11888	0.954272	0.274287
											12.8532	0.581493	1.91457
										}
									}
									{bone "leftcablespinesm"
										{parameters "Clear;"}
										{Matrix34
											0.974573	0.0779521	0.210073
											-0.22407	0.339046	0.913696
											0	-0.937535	0.347892
											6.39498	4.41992	-1.66383
										}
										{bone "leftcablespinesm1"
											{parameters "Clear;"}
											{Position -5.81602	0.00364304	-0.0100374}
										}
									}
									{bone "leftcabletorsosm"
										{parameters "Clear;"}
										{Matrix34
											0	0.276246	0.961087
											-0.992909	0.114254	-0.0328401
											-0.11888	-0.954271	0.274287
											12.8532	0.581488	-1.91456
										}
									}
									{bone "right_spineup_03"
										{parameters "Clear;"}
										{Matrix34
											-0.984262	0.00869233	0.176501
											0.176703	0.037046	0.983567
											0.00201081	0.999276	-0.0379996
											-0.356743	2.52534	1.1584
										}
									}
									{bone "right_spineup_02"
										{parameters "Clear;"}
										{Matrix34
											-0.941992	0.335548	0.00766453
											0.335628	0.941575	0.0281189
											0.00221893	0.0290603	-0.999575
											-0.620304	-1.124	3.13425
										}
									}
									{bone "right_spineup_01"
										{parameters "Clear;"}
										{Matrix34
											-0.963609	-0.0363322	-0.264834
											0.267315	-0.133186	-0.954361
											-0.00059813	-0.990425	0.138051
											-0.732731	-2.75242	2.33468
										}
									}
									{bone "left_spineup_01"
										{parameters "Clear;"}
										{Matrix34
											0.963609	0.0358423	-0.264902
											-0.267315	0.129587	-0.954856
											0.000103549	0.99092	0.134452
											-0.73278	-2.75242	-2.33468
										}
									}
									{bone "left_spineup_02"
										{parameters "Clear;"}
										{Matrix34
											0.941992	-0.335558	0.0071936
											-0.335631	-0.941651	0.0253969
											-0.00174781	-0.0263379	-0.999652
											-0.620251	-1.124	-3.13427
										}
									}
									{bone "left_spineup_03"
										{parameters "Clear;"}
										{Matrix34
											0.984262	-0.00903193	0.176484
											-0.176707	-0.0408612	0.983415
											-0.00167083	-0.999124	-0.0418138
											-0.356701	2.52534	-1.1584
										}
									}
									{bone "visor_body"
										{parameters "Id=visor_body;"}
										{Matrix34
											0	-1	0
											0	0	-1
											1	0	0
											8.46392	-10.6887	-11.0032
										}
										{VolumeView "visor_body.ply"}
										{bone "head_light_small_00_fx"
											{Matrix34
												1	0	0
												0	1	0
												0	0	1
												1.28999	0	0.350788
											}
										}
										{bone "visor_led_02_search"
											{parameters "Id=Visor;"}
											{Position 0.685863	0.0443182	0.440376}
											{visibility 0}
											{VolumeView "visor_led_02_search.ply"}
										}
										{bone "visor_led_02_alarm"
											{parameters "Id=Visor;"}
											{Position 0.685863	0.0443182	0.440376}
											{visibility 0}
											{VolumeView "visor_led_02_alarm.ply"}
										}
										{bone "visor_led_02_hold"
											{parameters "Id=Visor;"}
											{Position 0.685863	0.0443182	0.440376}
											{VolumeView "visor_led_02_hold.ply"}
										}
										{bone "visor_body_bone"
											{Matrix34
												1	0	0
												0	1	0
												0	0	1
												1.28999	0	0.350788
											}
										}
										{bone "visor_body_support_bone"
											{Matrix34
												1	0	0
												0	1	0
												0	0	1
												1.28999	0	0.350788
											}
										}
									}
									{bone "body"
										{parameters "Id=main_body;"}
										{Matrix34
											0	0	-1
											0	1	0
											1	0	0
											-39.2585	-2.22887	0
										}
										{VolumeView "body.ply"}
										{bone "fuel"
											{parameters "Id=Fuel;"}
											{Matrix34
												0	1	0
												-1	0	0
												0	0	1
												1.92019e-05	8.19044	47.9447
											}
											{VolumeView "fuel.ply"}
										}
										{bone "frame_body"
											{parameters "Id=main_body;"}
											{Position 1.9412e-05	2.62066	47.8422}
											{VolumeView "frame_body.ply"}
										}
										{bone "organs_waist_03"
											{Position -1.34212	-1.3543	46.7251}
										}
										{bone "organs_waist_02"
											{Position 1.08941	-1.3543	46.7251}
										}
										{bone "organs_waist_01"
											{Position 0.00599497	3.75291	41.7237}
										}
										{bone "organs_engine_drive_left"
											{parameters "ID=organs_engine_drive_left;"}
											{Position 6.14932	-2.1802	46.2797}
											{VolumeView "organs_engine_drive_left.ply"}
										}
										{bone "organs_engine_drive_right"
											{parameters "ID=organs_engine_drive_right;"}
											{Position -6.14917	-2.18018	46.2797}
											{VolumeView "organs_engine_drive_right.ply"}
										}
										{bone "pestcontainer_arm"
											{parameters "ID=pestcontainer;"}
											{Matrix34
												1	0	0
												0	0.999996	-0.00264729
												0	0.0026473	0.999996
