;Exported by: Xpycmb
;Date:        Sun Jul 11 13:16:09 2021
;File:        C:\Users\Xpycmb\Documents\3ds Max 2020\scenes\queit_wraith_skin_arms.max
{Skeleton
	{bone revolute "basis"
		{Orientation
			1	0	0
			0	-1	0
			0	0	1
		}
		{bone "body"
			{Matrix34
				0	0	1
				0	-1	0
				1	0	0
				0	0.0344553	19.9224
			}
			{bone "foot1l"
				{Matrix34
					-0.993535	-0.0202594	0.111708
					0.11167	0.00297451	0.993741
					0.0204649	-0.99979	0.000692963
					-0.143509	-2.13095	-0.488995
				}
				{bone "foot2l"
					{Matrix34
						0.952382	-0.304908	-0.000107972
						0.304908	0.952382	-4.07617e-05
						0.000115257	0	1
						9.37838	-0.0471728	0
					}
					{bone "bone06"
						{Matrix34
							0.221381	0.973964	0.0488399
							-0.972284	0.216583	0.0880677
							0.0751968	-0.0669827	0.994916
							8.74023	0.113252	0.00567913
						}
					}
					{bone "foot3l"
						{Matrix34
							0.0905536	0.979616	0.179312
							0.00345668	-0.18036	0.983595
							0.995885	-0.0884482	-0.0197184
							9.2003	-0.34629	-0.0729971
						}
						{bone "bone07"
							{Position 2.60015	0	0}
						}
					}
				}
			}
			{bone revolute "ik_leftright"
				{limits -20 20}
				{speed 0.1}
				{Matrix34
					0	0	1
					0	-1	0
					1	0	0
					1.90368	0.0344548	0
				}
				{bone "ik_socket"
					{Matrix34
						0	1	0
						1	0	0
						0	0	1
						0	0	0
					}
					{bone "compensate"
						{Matrix34
							0	1	0
							1	0	0
							0	0	1
							0	0	0
						}
						{bone revolute "ik_updown"
							{limits -40 20}
							{speed 0.1}
							{Matrix34
								1	0	0
								0	0	1
								0	-1	0
								0	0	1.66801
							}
							{bone "head"
								{Matrix34
									0.999952	0.00413676	-0.00885466
									-0.00885188	-0.000687602	-0.999961
									-0.00414196	0.999991	-0.000651003
									0	7.21457	0
								}
								{bone "visor"
									{Matrix34
										1	0	0
										0	1	0
										0	0	1
										2.31916	0	2.33291
									}
								}
								{bone "helmet_link"
									{Matrix34
										0.00885574	0.999961	0.000665078
										-0.999952	0.00885282	0.0041423
										0.00413718	-0.000701835	0.999991
										0.429209	-0.00263467	2.93856
									}
									{bone "j_cosmetic_hair_back_1_quiet_link"
										{Matrix34
											-0.00025635	0.604178	-0.796849
											1	0.000146771	-0.000213055
											-1.15819e-05	-0.807971	-0.589222
											-0.039514	2.20422	-0.866501
										}
										{bone "j_cosmetic_hair_back_1_quiet"
											{Position 0	0	0}
											{bone "j_cosmetic_hair_back_2_quiet_link"
												{Matrix34
													0.963725	0	0.285464
													0	1	0
													-0.273748	0	0.956713
													1.61279	0	5.14984e-05
												}
												{bone "j_cosmetic_hair_back_2_quiet"
													{bone "j_cosmetic_hair_back_3_quiet_link"
														{Matrix34
															0.996459	0	0.0907363
															0	1	0
															-0.0863146	0	0.995712
															1.60706	0	0.000170708
														}
														{bone "j_cosmetic_hair_back_3_quiet"
															{Position 0	0	0}
														}
													}
												}
											}
										}
									}
								}
							}
							{bone "gun_back"
								{Matrix34
									0.00647854	0.996053	0.0885296
									-0.106389	0.0887154	-0.990359
									-0.994303	-0.00300318	0.106544
									-4.16774	-4.2536	2.42593
								}
							}
							{bone "clavicle_right"
								{Position -0.139178	6.12487	1.17254}
								{bone "hand1r"
									{Matrix34
										0.031358	-0.248123	0.968221
										0.972801	0.230013	0.0274383
										-0.229511	0.941025	0.248587
										0.0503404	-0.225973	2.95336
									}
									{bone "hand2r"
										{Matrix34
											0.460807	0.8875	0
											-0.887501	0.460807	0
											0	0	1
											6.26813	0	0
										}
										{bone "hand3r"
											{Matrix34
												0.982611	-0.185677	0
												0.185676	0.982611	0
												0	0	1
												5.19218	0	0
											}
										}
										{bone "right_hand"
											{Matrix34
												0.968615	-0.225094	0.105442
												0.191902	0.946804	0.258332
												-0.157981	-0.229991	0.960285
												6.33401	0.913939	-0.654922
											}
										}
										{bone "hand_rot1r"
											{Matrix34
												0.00333661	-0.999958	0.00855824
												-0.999992	-0.00331737	0.00210683
												-0.0020792	-0.00856459	-0.999961
												5.19224	0	0
											}
											{bone "palm1r"
												{Matrix34
													-0.963565	-0.249481	-0.0964401
													-0.0459582	-0.20077	0.97856
													-0.263496	0.947338	0.181991
													0.0853558	-0.397719	0.0915833
												}
												{bone "palm2r_hide"
													{Matrix34
														-0.0995054	0.561593	-0.821408
														-0.0593576	0.820685	0.56829
														0.993265	0.105306	-0.0483275
														0.146144	0.242285	-1.25751
													}
													{bone "palm3r_hide"
														{Matrix34
															0.304944	0.95237	0
															-0.95237	0.304944	0
															0	0	1
															0.581879	-0.000114441	0
														}
														{bone "palm4r_hide"
															{Matrix34
																1	0	0
																0	1	0
																0	0	1
																0.53446	0	0
															}
														}
													}
												}
												{bone "palm2r"
													{Matrix34
														-0.0995073	0.561593	-0.821408
														-0.0593586	0.820686	0.568289
														0.993265	0.105304	-0.0483265
														0.146142	0.242287	-1.25751
													}
													{bone "palm3r"
														{Matrix34
															0.304945	0.95237	0
															-0.95237	0.304944	0
															0	0	1
															0.581879	-0.000114441	0
														}
													}
												}
												{bone "righthandindexbase"
													{Matrix34
														0.264356	0.207069	-0.941933
														-0.197279	-0.944416	-0.262984
														-0.944032	0.255345	-0.208814
														0.736829	-0.0176945	-1.47122
													}
													{bone "righthandindex1"
														{parameters "LastPose = undefined;"}
														{Matrix34
															1	0	0
															0	1	0
															0	0	1
															0	0	0
														}
														{bone "righthandindex2"
															{Matrix34
																1	0	0
																0	1	0
																0	0	1
																0.858054	0	0
															}
															{bone "righthandindex3"
																{Matrix34
																	1	1.01626e-05	0
																	0	1	0
																	0	0	1
																	0.642819	0	0
																}
																{bone "righthandindex4"
																	{Matrix34
																		1	0	0
																		0	1	0
																		0	0	1
																		0.479884	0	0
																	}
																}
															}
															{bone "r_index3"
																{parameters "LastPose = undefined;"}
																{Matrix34
																	1	0	0
																	0	1	0
																	0	0	1
																	0.642816	0.555471	0
																}
															}
														}
														{bone "r_index2"
															{parameters "LastPose = undefined;"}
															{Matrix34
																1	0	0
																0	1	0
																0	0	1
																0.858055	0.582945	0
															}
														}
													}
													{bone "r_index1"
														{Matrix34
															1	0	0
															0	1	0
															0	0	1
															0	0.585602	0
														}
													}
												}
												{bone "righthandmiddlebase"
													{parameters "LastPose = undefined;"}
													{Matrix34
														0.0964116	0.24826	-0.963883
														-0.197277	-0.944417	-0.26298
														-0.975596	0.215507	-0.0420791
														0.279717	0.0875149	-1.50613
													}
													{bone "righthandmiddle1"
														{parameters "LastPose = undefined;"}
														{Matrix34
															1	0	0
															0	1	0
															0	0	1
															0	0	0
														}
														{bone "righthandmiddle2"
															{Matrix34
																1	0	0
																0	1	0
																0	0	1
																0.991683	0	0
															}
															{bone "righthandmiddle3"
																{Matrix34
																	1	0	-1.8754e-05
																	0	1	0
																	2.05217e-05	0	1
																	0.741716	0	0
																}
																{bone "righthandmiddle4"
																	{Matrix34
																		1	0	1.02799e-05
																		0	1	-3.65973e-05
																		0	3.8892e-05	1
																		0.56016	0	1.14441e-05
																	}
																}
															}
															{bone "r_middle3"
																{parameters "LastPose = undefined;"}
																{Matrix34
																	1	1.00052e-05	0
																	0	1	0
																	0	0	1
																	0.74171	0.453117	0
																}
															}
														}
														{bone "r_middle2"
															{parameters "LastPose = undefined;"}
															{Matrix34
																1	0	0
																0	1	0
																0	0	1
																0.991685	0.507704	0
															}
														}
													}
													{bone "r_middle1"
														{parameters "LastPose = undefined;"}
														{Matrix34
															1	0	0
															0	1	0
															0	0	1
															0	0.55518	0
														}
													}
												}
												{bone "righthandringbase"
													{parameters "LastPose = undefined;"}
													{Matrix34
														-0.0744621	0.281915	-0.956545
														-0.197278	-0.944416	-0.262985
														-0.977516	0.169124	0.125936
														-0.181878	0.189148	-1.52485
													}
													{bone "righthandring1"
														{parameters "LastPose = undefined;"}
														{Matrix34
															1	0	0
															0	1	0
															0	0	1
															0	0	0
														}
														{bone "righthandring2"
															{parameters "LastPose = undefined;"}
															{Matrix34
																1	0	0
																0	1	0
																0	0	1
																0.858055	0	0
															}
															{bone "righthandring3"
																{Matrix34
																	1	0	0
																	0	1	-6.90818e-05
																	0	7.10189e-05	1
																	0.642819	0	0
																}
																{bone "righthandring4"
																	{Matrix34
																		1	0	0
																		0	1	0
																		0	0	1
																		0.487397	0	0
																	}
																}
															}
															{bone "r_ring3"
																{parameters "LastPose = undefined;"}
																{Matrix34
																	1	0	0
																	0	1	0
																	0	0	1
																	0.642816	0.461632	0
																}
															}
														}
														{bone "r_ring2"
															{parameters "LastPose = undefined;"}
															{Matrix34
																1	0	0
																0	1	0
																0	0	1
																0.858057	0.518652	0
															}
														}
													}
													{bone "r_ring1"
														{parameters "LastPose = undefined;"}
														{Matrix34
															1	0	0
															0	1	0
															0	0	1
															0	0.560667	0
														}
													}
												}
												{bone "righthandpinkybase"
													{parameters "LastPose = undefined;"}
													{Matrix34
														-0.243077	0.307	-0.920144
														-0.197278	-0.944416	-0.262984
														-0.949735	0.1176	0.290127
														-0.611534	0.282127	-1.53644
													}
													{bone "righthandpinky1"
														{parameters "LastPose = undefined;"}
														{Matrix34
															1	0	0
															0	1	0
															0	0	1
															0	0	0
														}
														{bone "righthandpinky2"
															{Matrix34
																1	0	1.44988e-05
																0	1	0
																-1.30534e-05	0	1
																0.716185	0	0
															}
															{bone "righthandpinky3"
																{Matrix34
																	1	0	0
																	0	1	-4.85182e-05
																	0	4.97997e-05	1
																	0.535685	0	0
																}
																{bone "righthandpinky4"
																	{Matrix34
																		1	0	0
																		0	1	0
																		0	0	1
																		0.396512	0	0
																	}
																}
															}
															{bone "r_pinky3"
																{parameters "LastPose = undefined;"}
																{Matrix34
																	1	0	0
																	0	1	0
																	0	0	1
																	0.535681	0.465425	0
																}
															}
														}
														{bone "r_pinky2"
															{parameters "LastPose = undefined;"}
															{Matrix34
																1	0	0
																0	1	0
																0	0	1
																0.716186	0.434149	0
															}
														}
													}
													{bone "r_pinky1"
														{parameters "LastPose = undefined;"}
														{Matrix34
															1	0	0
															0	1	0
															0	0	1
															0	0.463675	0
														}
													}
												}
												{bone "righthandthumbbase"
													{parameters "LastPose = undefined;"}
													{Matrix34
														0.718793	0.324475	-0.614859
														0.527117	-0.831012	0.177673
														-0.453305	-0.451814	-0.768362
														0.606988	-0.128695	-0.0563564
													}
													{bone "righthandthumb1"
														{Position 0	0	0}
														{bone "righthandthumb2"
															{Matrix34
																1	-1.51917e-05	1.74083e-05
																1.53556e-05	1	0
																-1.69761e-05	0	1
																1.02929	0	0
															}
															{bone "righthandthumb3"
																{Matrix34
																	1	0	-1.33328e-05
																	0	1	0
																	1.37649e-05	0	1
																	0.73094	0	0
																}
																{bone "righthandthumb4"
																	{Matrix34
																		1	0	0
																		0	1	0
																		0	0	1
																		0.529865	0	0
																	}
																}
															}
															{bone "r_thumb3"
																{parameters "LastPose = undefined;"}
																{Matrix34
																	1	0	0
																	0	1	0
																	0	0	1
																	0.730937	0.514256	0
																}
															}
														}
														{bone "r_thumb2"
															{parameters "LastPose = undefined;"}
															{Matrix34
																1	0	0
																0	1	0
																0	0	1
																1.0293	0.535986	0
															}
														}
													}
													{bone "r_thumb1"
														{parameters "LastPose = undefined;"}
														{Matrix34
															1	0	0
															0	1	0
															0	0	1
															0	0.592852	0
														}
													}
												}
											}
										}
									}
								}
							}
							{bone "clavicle_left"
								{Position -0.139178	6.12487	-1.18112}
								{bone "hand1l"
									{Matrix34
										0.0307142	-0.248445	-0.968159
										0.97283	0.229809	-0.0281101
										0.229474	-0.94099	0.248754
										0.0503407	-0.225973	-2.95274
									}
									{bone "hand2l"
										{Matrix34
											0.458669	0.888607	0
											-0.888607	0.458669	0
											0	0	1
											6.26813	0	0
										}
										{bone "hand3l"
											{Matrix34
												0.982611	-0.185677	0
												0.185676	0.982611	0
												0	0	1
												5.19218	0	0
											}
										}
										{bone "left_hand"
											{Matrix34
												0.275672	0.823504	-0.495828
												0.00418919	-0.516839	-0.856072
												-0.961242	0.23392	-0.145927
												5.99778	-0.667305	0.409922
											}
										}
										{bone "hand_rot1l"
											{Matrix34
												0.00130245	-0.999931	0.0116371
												-0.999999	-0.00131379	-0.00103795
												0.00105406	-0.0116363	-0.999932
												5.25743	-0.000659943	-0.00162315
											}
											{bone "palm1l"
												{Matrix34
													0.965404	0.24925	-0.076609
													-0.0261243	-0.199864	-0.979475
													-0.259447	0.947591	-0.186439
													0.0886908	-0.337658	-0.09161
												}
												{bone "palm2l"
													{Matrix34
														-0.00577188	0.491346	-0.870945
														-0.00434849	-0.870964	-0.491328
														-0.999974	0.000951886	0.00716391
														-0.0738354	0.242491	-1.26342
													}
													{bone "palm3l"
														{Matrix34
															0.578448	-0.815719	0
															0.815719	0.578449	0
															0	0	1
															0.578553	0.000162125	0
														}
													}
												}
												{bone "palm2l_hide"
													{Matrix34
														-0.00577195	0.491345	-0.870946
														-0.00434789	-0.870964	-0.491329
														-0.999974	0.000952363	0.00716393
														-0.0738349	0.242495	-1.26342
													}
													{bone "palm3l_hide"
														{Matrix34
															0.578448	-0.815718	0
															0.815719	0.57845	0
															0	0	1
															0.578552	0.000167847	0
														}
														{bone "palm4l_hide"
															{Matrix34
																1	0	0
																0	1	0
																0	0	1
																0.511904	-3.43323e-05	0
															}
														}
													}
												}
												{bone "lefthandindexbase"
													{parameters "LastPose = undefined;"}
													{Matrix34
														-0.264356	0.207069	-0.941933
														-0.19728	0.944416	0.262984
														0.944032	0.255346	-0.208813
														-0.736827	-0.0177021	-1.47122
													}
													{bone "lefthandindex1"
														{Position 0	0	0}
														{bone "lefthandindex2"
															{Matrix34
																1	0	0
																0	1	0
																0	0	1
																0.858052	0	0
															}
															{bone "lefthandindex3"
																{Matrix34
																	1	-1.03042e-05	0
																	0	1	0
																	0	0	1
																	0.642821	0	0
																}
																{bone "lefthandindex4"
																	{Matrix34
																		1	0	0
																		0	1	0
																		0	0	1
																		0.479887	0	0
																	}
																}
															}
															{bone "l_index3"
																{parameters "LastPose = undefined;"}
																{Matrix34
																	1	0	0
																	0	1	0
																	0	0	1
																	0.634826	-0.419487	0
																}
															}
														}
														{bone "l_index2"
															{parameters "LastPose = undefined;"}
															{Position 0.85805	-0.418207	0}
														}
													}
													{bone "l_index1"
														{parameters "LastPose = undefined;"}
														{Position 0	-0.430473	0}
													}
												}
												{bone "lefthandmiddlebase"
													{parameters "LastPose = undefined;"}
													{Matrix34
														-0.0964106	0.24826	-0.963884
														-0.197277	0.944417	0.26298
														0.975595	0.215506	-0.0420771
														-0.279715	0.0875149	-1.50614
													}
													{bone "lefthandmiddle1"
														{Matrix34
															1	0	0
															0	1	0
															0	0	1
															0	0	0
														}
														{bone "lefthandmiddle2"
															{Matrix34
																1	0	0
																-1.13491e-05	1	0
																0	0	1
																0.991681	0	0
															}
															{bone "lefthandmiddle3"
																{Matrix34
																	1	0	-1.98586e-05
																	0	1	0
																	2.03671e-05	0	1
																	0.741719	0	0
																}
																{bone "lefthandmiddle4"
																	{Matrix34
																		1	-1.04867e-05	1.02445e-05
																		0	1	3.75807e-05
																		0	-3.80576e-05	1
																		0.560159	0	1.52588e-05
																	}
																}
															}
															{bone "l_middle3"
																{parameters "LastPose = undefined;"}
																{Matrix34
																	1	0	0
																	0	1	0
																	0	0	1
																	0.741718	-0.448393	0
																}
															}
														}
														{bone "l_middle2"
															{parameters "LastPose = undefined;"}
															{Matrix34
																1	0	0
																0	1	0
																0	0	1
																0.991683	-0.461321	0
															}
														}
													}
													{bone "l_middle1"
														{parameters "LastPose = undefined;"}
														{Matrix34
															1	0	0
															0	1	0
															0	0	1
															0	-0.463572	0
														}
													}
												}
												{bone "lefthandringbase"
													{parameters "LastPose = undefined;"}
													{Matrix34
														0.0744629	0.281914	-0.956546
														-0.197277	0.944416	0.262984
														0.977516	0.169122	0.125938
														0.18188	0.189142	-1.52485
													}
													{bone "lefthandring1"
														{Position 0	0	0}
														{bone "lefthandring2"
															{Matrix34
																1	0	0
																0	1	0
																0	0	1
																0.858051	0	0
															}
															{bone "lefthandring3"
																{Matrix34
																	1	0	0
																	0	1	7.10785e-05
																	0	-7.10487e-05	1
																	0.642824	0	0
																}
																{bone "lefthandring4"
																	{Matrix34
																		1	0	0
																		0	1	0
																		0	0	1
																		0.487396	0	0
																	}
																}
															}
															{bone "l_ring3"
																{parameters "LastPose = undefined;"}
																{Matrix34
																	1	0	0
																	0	1	0
																	0	0	1
																	0.642824	-0.517252	0
																}
															}
														}
														{bone "l_ring2"
															{parameters "LastPose = undefined;"}
															{Matrix34
																1	0	0
																0	1	0
																0	0	1
																0.858058	-0.428919	0
															}
														}
													}
													{bone "l_ring1"
														{parameters "LastPose = undefined;"}
														{Matrix34
															1	0	0
															0	1	0
															0	0	1
															0	-0.493238	0
														}
													}
												}
												{bone "lefthandpinkybase"
													{parameters "LastPose = undefined;"}
													{Matrix34
														0.243077	0.306999	-0.920144
														-0.197278	0.944416	0.262984
														0.949734	0.117599	0.290129
														0.611537	0.282124	-1.53645
													}
													{bone "lefthandpinky1"
														{Matrix34
															1	0	0
															0	1	0
															0	0	1
															0	0	0
														}
														{bone "lefthandpinky2"
															{Matrix34
																1	0	1.41561e-05
																0	1	0
																-1.34036e-05	0	1
																0.716188	0	0
															}
															{bone "lefthandpinky3"
																{Matrix34
																	1	0	0
																	0	1	4.94123e-05
																	0	-4.96209e-05	1
																	0.535684	0	0
																}
																{bone "lefthandpinky4"
																	{Matrix34
																		1	0	0
																		0	1	0
																		0	0	1
																		0.396508	0	0
																	}
																}
															}
															{bone "l_pinky3"
																{parameters "LastPose = undefined;"}
																{Matrix34
																	1	0	0
																	0	1	0
																	0	0	1
																	0.535685	-0.47179	0
																}
															}
														}
														{bone "l_pinky2"
															{parameters "LastPose = undefined;"}
															{Matrix34
																1	0	0
																0	1	0
																0	0	1
																0.716192	-0.38393	0
															}
														}
													}
													{bone "l_pinky1"
														{parameters "LastPose = undefined;"}
														{Matrix34
															1	0	0
															0	1	0
															0	0	1
															0	-0.498642	0
														}
													}
												}
												{bone "lefthandthumbbase"
													{parameters "LastPose = undefined;"}
													{Matrix34
														-0.718791	0.324477	-0.61486
														0.527118	0.831011	-0.177673
														0.453306	-0.451814	-0.768361
														-0.606987	-0.1287	-0.0563641
													}
													{bone "lefthandthumb1"
														{Matrix34
															1	0	0
															0	1	0
															0	0	1
															0	0	0
														}
														{bone "lefthandthumb2"
															{Matrix34
																1	1.29789e-05	1.63838e-05
																-1.3791e-05	1	0
																-1.59889e-05	0	1
																1.02929	0	0
															}
															{bone "lefthandthumb3"
																{Matrix34
																	1	-1.08853e-05	-1.41636e-05
																	1.01998e-05	1	0
																	1.45622e-05	0	1
																	0.73094	0	0
																}
																{bone "bone009(mirrored)"
																	{Matrix34
																		1	0	0
																		0	1	0
																		0	0	1
																		0.529863	0	0
																	}
																}
															}
															{bone "l_thumb3"
																{parameters "LastPose = undefined;"}
																{Matrix34
																	1	0	0
																	0	1	0
																	0	0	1
																	0.730937	-0.541817	0
																}
															}
														}
														{bone "l_thumb2"
															{parameters "LastPose = undefined;"}
															{Matrix34
																1	0	0
																0	1	0
																0	0	1
																1.0293	-0.545837	0
															}
														}
													}
													{bone "l_thumb1"
														{parameters "LastPose = undefined;"}
														{Matrix34
															1	0	0
															0	1	0
															0	0	1
															0	-0.602825	0
														}
													}
												}
											}
										}
									}
								}
							}
						}
					}
				}
				{bone "j_bag_rear1_le"
					{Matrix34
						-0.226769	0.0283821	-0.973535
						0.929524	-0.292137	-0.225034
						-0.290793	-0.955955	0.039866
						-2.51658	1.24932	0.229498
					}
				}
				{bone "j_bag_rear2_ri"
					{Matrix34
						-0.22603	-0.0855087	-0.97036
						0.91727	0.316642	-0.241566
						0.327913	-0.944683	0.00686394
						-2.57417	-1.43974	0.33177
					}
				}
			}
			{bone revolute "placement"
				{Matrix34
					0	1	0
					-1	0	0
					0	0	1
					0.783108	0	0
				}
			}
			{bone "foot1r"
				{Matrix34
					-0.993574	0.0113922	0.112613
					0.112601	-0.00168383	0.993639
					0.0115094	0.999934	0.000390052
					-0.143518	2.17103	-0.488755
				}
				{bone "foot2r"
					{Matrix34
						0.951795	-0.306736	-0.00010452
						0.306736	0.951795	-3.96455e-05
						0.00011162	0	1
						9.37831	-0.0472314	0
					}
					{bone "bone03"
						{Matrix34
							0.221381	0.973964	0.0488397
							-0.972284	0.216583	0.0880676
							0.0751968	-0.0669828	0.994917
							8.74023	0.113253	0.00567937
						}
					}
					{bone "foot3r"
						{Matrix34
							0.0880284	0.974738	0.205272
							0.00721268	0.205443	-0.978643
							-0.996092	0.0876285	0.0110542
							9.2003	-0.346288	-0.0729969
						}
						{bone "bone05"
							{Position 2.60015	0	0}
						}
					}
				}
			}
			{bone "tag_grenade_r_01"
				{Matrix34
					-0.98141	0.173496	-0.0820564
					0.0206714	-0.329507	-0.943927
					-0.190806	-0.928075	0.319796
					0.0217972	2.29032	1.88855
				}
				{bone "tag_grenade_r_02"
					{Matrix34
						-0.0752581	-0.996752	-0.0286709
						0.991517	-0.0778567	0.104084
						-0.105978	-0.0205949	0.994155
						0.0668468	-0.535558	-0.153898
					}
				}
			}
		}
		{bone revolute "foresight2rot"
			{limits -20 20}
			{speed 0.1}
			{Position 13.7429	0.0246876	27.5947}
		}
		{bone "palm_ik_holder_right02"
			{Matrix34
				0.877807	-0.47052	0.0898094
				0.420447	0.846653	0.326195
				-0.229519	-0.248576	0.941027
				0.107623	-10.1948	27.8378
			}
			{bone "palm_ik_holder_right01"
				{Matrix34
					0.00333647	-0.999958	0.00855827
					-0.999992	-0.0033182	0.00210767
					-0.00207904	-0.00856516	-0.999961
					5.19224	0	0
				}
				{bone "palm_ik_holder_right"
					{Matrix34
						-0.963565	-0.249482	-0.0964405
						-0.0459584	-0.200771	0.97856
						-0.263496	0.947338	0.18199
						0.119854	-0.164879	0.148731
					}
					{bone "ik_chain07"
						{Matrix34
							0.999956	0.00324053	-0.00886305
							2.74777e-05	0.938189	0.346125
							0.00943667	-0.34611	0.938147
							0.138651	1.07072	-1.80206
						}
					}
				}
			}
		}
		{bone "palm_ik_holder_left02"
			{Matrix34
				0.878554	0.469038	0.090255
				0.418906	-0.847419	0.326188
				0.229478	-0.248765	-0.940987
				0.103729	10.2025	27.8356
			}
			{bone "palm_ik_holder_left01"
				{Matrix34
					0.00130206	-0.999931	0.0116375
					-0.999999	-0.00131406	-0.00103847
					0.00105345	-0.0116362	-0.999932
					5.25744	-0.000656128	-0.00161934
				}
				{bone "palm_ik_holder_left"
					{Matrix34
						0.965404	0.24925	-0.0766087
						-0.026124	-0.199865	-0.979475
						-0.259447	0.947591	-0.186439
						0.0856152	-0.338798	-0.0894661
					}
					{bone "ik_chain08"
						{Matrix34
							0.999967	-0.00286302	0.0075841
							0.000203937	0.944171	0.329455
							-0.0081046	-0.329442	0.944141
							-0.0736456	1.03671	-1.81879
						}
					}
				}
			}
		}
		{bone "1stp"
			{parameters "ID=body;"}
			{VolumeView "1stp.ply"}
		}
		{bone "1stp_inv"
			{parameters "ID=body;"}
			{visibility 0}
			{VolumeView "1stp_inv.ply"}
		}
	}
}
